|C170|1|PROD18842|CHICORIA UN.|18|UN|65|0|0|020|1102|NAT01102|26,76|17|4,55|0|0|0||||0|0|0|73|0|0|||0|73|0|0|||0||0|
|C170|2|PROD19225|BERINJELA KG|26|KG|120|0|0|020|1102|NAT01102|49,41|17|8,4|0|0|0||||0|0|0|73|0|0|||0|73|0|0|||0||0|
|C170|3|PROD19202|MANDIOQUINHA KG|10|KG|160|0|0|020|1102|NAT01102|65,88|17|11,2|0|0|0||||0|0|0|73|0|0|||0|73|0|0|||0||0|
|C170|4|PROD19246|MAMAO PAPAYA KG|5|KG|35|0|0|020|1102|NAT01102|14,41|17|2,45|0|0|0||||0|0|0|73|0|0|||0|73|0|0|||0||0|
|C170|5|PROD19245|PEPINO JAPONES KG|20|KG|120|0|0|020|1102|NAT01102|49,41|17|8,4|0|0|0||||0|0|0|73|0|0|||0|73|0|0|||0||0|
|C170|6|PROD18719|ERVA AROMATICA UNIDADE|45|UN|100|0|0|020|1102|NAT01102|41,18|17|7|0|0|0||||0|0|0|73|0|0|||0|73|0|0|||0||0|
|C170|7|PROD19091|PINHAO KG|18|KG|240|0|0|020|1102|NAT01102|98,82|17|16,8|0|0|0||||0|0|0|73|0|0|||0|73|0|0|||0||0|
|C190|020|1102|17|840|345,87|58,8|0|0|494,13|0||
|C100|0|1|FORN528|55|00|000|6656|50250737432938000190550000000066561596124820|11072025|11072025|920|1|0|0|920|9|0|0|0|378,84|64,4|0|0|0|0|0|0|0|
|C170|1|PROD19272|BATATA  MIUDA KG|25|KG|90|0|0|020|1102|NAT01102|37,06|17|6,3|0|0|0||||0|0|0|73|0|0|||0|73|0|0|||0||0|
|C170|2|PROD19225|BERINJELA KG|10|KG|60|0|0|020|1102|NAT01102|24,71|17|4,2|0|0|0||||0|0|0|73|0|0|||0|73|0|0|||0||0|
|C170|3|PROD21321|CAQUI RAMA FORTE 500G|18|UN|120|0|0|020|1102|NAT01102|49,41|17|8,4|0|0|0||||0|0|0|73|0|0|||0|73|0|0|||0||0|
|C170|4|PROD19221|COENTRO FRESCO UN.|25|UN|100|0|0|020|1102|NAT01102|41,18|17|7|0|0|0||||0|0|0|73|0|0|||0|73|0|0|||0||0|
|C170|5|PROD18842|CHICORIA UN.|8|UN|20|0|0|020|1102|NAT01102|8,24|17|1,4|0|0|0||||0|0|0|73|0|0|||0|73|0|0|||0||0|
|C170|6|PROD19213|NABO UND|8|UN|30|0|0|020|1102|NAT01102|12,35|17|2,1|0|0|0||||0|0|0|73|0|0|||0|73|0|0|||0||0|
|C170|7|PROD19245|PEPINO JAPONES KG|20|KG|140|0|0|020|1102|NAT01102|57,65|17|9,8|0|0|0||||0|0|0|73|0|0|||0|73|0|0|||0||0|
|C170|8|PROD19081|PIMENTAO COLORIDO KG|20|KG|360|0|0|020|1102|NAT01102|148,24|17|25,2|0|0|0||||0|0|0|73|0|0|||0|73|0|0|||0||0|
|C190|020|1102|17|920|378,84|64,4|0|0|541,16|0||
|C100|0|1|FORN528|55|00|000|6719|50250737432938000190550000000067191269872574|15072025|15072025|1275|1|0|0|1275|9|0|0|0|545,58|92,75|0|0|0|0|0|0|0|
|C170|1|PROD19225|BERINJELA KG|20|KG|120|0|0|020|1102|NAT01102|49,41|17|8,4|0|0|0||||0|0|0|73|0|0|||0|73|0|0|||0||0|
|C170|2|PROD19221|COENTRO FRESCO UN.|20|UN|80|0|0|020|1102|NAT01102|32,94|17|5,6|0|0|0||||0|0|0|73|0|0|||0|73|0|0|||0||0|
|C170|3|PROD19100|ALHO PORO UND|8|UN|35|0|0|000|1102|NAT01102|35|17|5,95|0|0|0||||0|0|0|73|0|0|||0|73|0|0|||0||0|
|C170|4|PROD19244|PEPINO COMUM KG|36|KG|240|0|0|020|1102|NAT01102|98,82|17|16,8|0|0|0||||0|0|0|73|0|0|||0|73|0|0|||0||0|
|C170|5|PROD19245|PEPINO JAPONES KG|20|KG|150|0|0|020|1102|NAT01102|61,76|17|10,5|0|0|0||||0|0|0|73|0|0|||0|73|0|0|||0||0|
|C170|6|PROD19270|PIMENTAO VERDE KG|60|KG|550|0|0|020|1102|NAT01102|226,47|17|38,5|0|0|0||||0|0|0|73|0|0|||0|73|0|0|||0||0|
|C170|7|PROD19214|SALSAO UNIDADE|5|UN|40|0|0|020|1102|NAT01102|16,47|17|2,8|0|0|0||||0|0|0|73|0|0|||0|73|0|0|||0||0|
|C170|8|PROD18719|ERVA AROMATICA UNIDADE|18|UN|60|0|0|020|1102|NAT01102|24,71|17|4,2|0|0|0||||0|0|0|73|0|0|||0|73|0|0|||0||0|
|C190|000|1102|17|35|35|5,95|0|0|0|0||
|C190|020|1102|17|1240|510,58|86,8|0|0|729,42|0||
|C100|0|1|FORN528|55|00|000|6772|50250737432938000190550000000067721745843597|18072025|18072025|1020|1|0|0|1020|9|0|0|0|440,58|74,9|0|0|0|0|0|0|0|
|C170|1|PROD18719|ERVA AROMATICA UNIDADE|54|UN|190|0|0|020|1102|NAT01102|78,24|17|13,3|0|0|0||||0|0|0|73|0|0|||0|73|0|0|||0||0|
|C170|2|PROD18600|BARDANA OU GOBO UN.|8|UN|25|0|0|020|1102|NAT01102|10,29|17|1,75|0|0|0||||0|0|0|73|0|0|||0|73|0|0|||0||0|
|C170|3|PROD19100|ALHO PORO UND|8|UN|35|0|0|000|1102|NAT01102|35|17|5,95|0|0|0||||0|0|0|73|0|0|||0|73|0|0|||0||0|
|C170|4|PROD19244|PEPINO COMUM KG|18|KG|120|0|0|020|1102|NAT01102|49,41|17|8,4|0|0|0||||0|0|0|73|0|0|||0|73|0|0|||0||0|
|C170|5|PROD19245|PEPINO JAPONES KG|20|KG|150|0|0|020|1102|NAT01102|61,76|17|10,5|0|0|0||||0|0|0|73|0|0|||0|73|0|0|||0||0|
|C170|6|PROD19270|PIMENTAO VERDE KG|36|KG|330|0|0|020|1102|NAT01102|135,88|17|23,1|0|0|0||||0|0|0|73|0|0|||0|73|0|0|||0||0|
|C170|7|PROD19265|VAGEM KG|13|KG|170|0|0|020|1102|NAT01102|70|17|11,9|0|0|0||||0|0|0|73|0|0|||0|73|0|0|||0||0|
|C190|000|1102|17|35|35|5,95|0|0|0|0||
|C190|020|1102|17|985|405,58|68,95|0|0|579,42|0||
|C100|0|1|FORN528|55|00|000|6829|50250737432938000190550000000068291414117117|22072025|22072025|825|1|0|0|825|9|0|0|0|360,29|61,25|0|0|0|0|0|0|0|
|C170|1|PROD19100|ALHO PORO UND|8|UN|35|0|0|000|1102|NAT01102|35|17|5,95|0|0|0||||0|0|0|73|0|0|||0|73|0|0|||0||0|
|C170|2|PROD19245|PEPINO JAPONES KG|20|KG|130|0|0|020|1102|NAT01102|53,53|17|9,1|0|0|0||||0|0|0|73|0|0|||0|73|0|0|||0||0|
|C170|3|PROD19270|PIMENTAO VERDE KG|24|KG|200|0|0|020|1102|NAT01102|82,35|17|14|0|0|0||||0|0|0|73|0|0|||0|73|0|0|||0||0|
|C170|4|PROD19265|VAGEM KG|13|KG|160|0|0|020|1102|NAT01102|65,88|17|11,2|0|0|0||||0|0|0|73|0|0|||0|73|0|0|||0||0|
|C170|5|PROD19091|PINHAO KG|18|KG|250|0|0|020|1102|NAT01102|102,94|17|17,5|0|0|0||||0|0|0|73|0|0|||0|73|0|0|||0||0|
|C170|6|PROD18719|ERVA AROMATICA UNIDADE|15|UN|50|0|0|020|1102|NAT01102|20,59|17|3,5|0|0|0||||0|0|0|73|0|0|||0|73|0|0|||0||0|
|C190|000|1102|17|35|35|5,95|0|0|0|0||
|C190|020|1102|17|790|325,29|55,3|0|0|464,71|0||
|C100|0|1|FORN528|55|00|000|6884|50250737432938000190550000000068841465939744|25072025|25072025|554|1|0|0|554|9|0|0|0|248,69|42,28|0|0|0|0|0|0|0|
|C170|1|PROD19221|COENTRO FRESCO UN.|20|UN|80|0|0|020|1102|NAT01102|32,94|17|5,6|0|0|0||||0|0|0|73|0|0|||0|73|0|0|||0||0|
|C170|2|PROD19100|ALHO PORO UND|8|UN|35|0|0|000|1102|NAT01102|35|17|5,95|0|0|0||||0|0|0|73|0|0|||0|73|0|0|||0||0|
|C170|3|PROD19213|NABO UND|8|UN|25|0|0|020|1102|NAT01102|10,29|17|1,75|0|0|0||||0|0|0|73|0|0|||0|73|0|0|||0||0|
|C170|4|PROD19245|PEPINO JAPONES KG|20|KG|120|0|0|020|1102|NAT01102|49,41|17|8,4|0|0|0||||0|0|0|73|0|0|||0|73|0|0|||0||0|
|C170|5|PROD19270|PIMENTAO VERDE KG|2|KG|24|0|0|020|1102|NAT01102|9,88|17|1,68|0|0|0||||0|0|0|73|0|0|||0|73|0|0|||0||0|
|C170|6|PROD19214|SALSAO UNIDADE|5|UN|40|0|0|020|1102|NAT01102|16,47|17|2,8|0|0|0||||0|0|0|73|0|0|||0|73|0|0|||0||0|
|C170|7|PROD18221|PIMENTA CAROLINA REAPER KG|1|KG|70|0|0|020|1102|NAT01102|28,82|17|4,9|0|0|0||||0|0|0|73|0|0|||0|73|0|0|||0||0|
|C170|8|PROD18719|ERVA AROMATICA UNIDADE|15|UN|50|0|0|020|1102|NAT01102|20,59|17|3,5|0|0|0||||0|0|0|73|0|0|||0|73|0|0|||0||0|
|C170|9|PROD4200|ROMA KG|6|KG|110|0|0|020|1102|NAT01102|45,29|17|7,7|0|0|0||||0|0|0|73|0|0|||0|73|0|0|||0||0|
|C190|000|1102|17|35|35|5,95|0|0|0|0||
|C190|020|1102|17|519|213,69|36,33|0|0|305,31|0||
|C100|0|1|FORN528|55|00|000|6940|50250737432938000190550000000069401653272256|29072025|29072025|1075|1|0|0|1075|9|0|0|0|442,65|75,25|0|0|0|0|0|0|0|
|C170|1|PROD19251|CAQUI CHOCOLATE/FUIU KG|90|KG|540|0|0|020|1102|NAT01102|222,36|17|37,8|0|0|0||||0|0|0|73|0|0|||0|73|0|0|||0||0|
|C170|2|PROD19218|ESPINAFRE UN.|5|UN|30|0|0|020|1102|NAT01102|12,35|17|2,1|0|0|0||||0|0|0|73|0|0|||0|73|0|0|||0||0|
|C170|3|PROD19213|NABO UND|8|UN|25|0|0|020|1102|NAT01102|10,29|17|1,75|0|0|0||||0|0|0|73|0|0|||0|73|0|0|||0||0|
|C170|4|PROD19244|PEPINO COMUM KG|36|KG|240|0|0|020|1102|NAT01102|98,82|17|16,8|0|0|0||||0|0|0|73|0|0|||0|73|0|0|||0||0|
|C170|5|PROD19245|PEPINO JAPONES KG|20|KG|140|0|0|020|1102|NAT01102|57,65|17|9,8|0|0|0||||0|0|0|73|0|0|||0|73|0|0|||0||0|
|C170|6|PROD18719|ERVA AROMATICA UNIDADE|30|UN|100|0|0|020|1102|NAT01102|41,18|17|7|0|0|0||||0|0|0|73|0|0|||0|73|0|0|||0||0|
|C190|020|1102|17|1075|442,65|75,25|0|0|632,35|0||
|C100|0|1|FORN403|55|00|000|259194|50250726461092000109550000002591941176126108|04072025|07072025|848,45|1|0|0|848,45|9|0|0|0|31,08|5,28|0|0|0|0|0|0|0|
|C170|1|PROD30544|IOGURTE NESTLE 1,25KG MORANGO|6|UN|91,26|0|0|060|1403|NAT01403|0|0|0|0|0|0||||0|0|0|73|0|0|||0|73|0|0|||0||0|
|C170|2|PROD31482|IOGURTE NINHO 850G MACA BANANA|6|UN|87,6|0|0|060|1403|NAT01403|0|0|0|0|0|0||||0|0|0|73|0|0|||0|73|0|0|||0||0|
|C170|3|PROD30540|IOGURTE NINHO 170G MACA BANANA|6|UN|19,8|0|0|060|1403|NAT01403|0|0|0|0|0|0||||0|0|0|73|0|0|||0|73|0|0|||0||0|
|C170|4|PROD30539|IOGURTE NINHO 170G MORANGO|6|UN|19,8|0|0|060|1403|NAT01403|0|0|0|0|0|0||||0|0|0|73|0|0|||0|73|0|0|||0||0|
|C170|5|PROD16343|PETIT SUISSE CHAMBINHO 320G MORANGO|16|UN|124,64|0|0|060|1403|NAT01403|0|0|0|0|0|0||||0|0|0|73|0|0|||0|73|0|0|||0||0|
|C170|6|PROD16311|IOGURTE NESTLE BI CAMADA 150G MGO|6|UN|20,7|0|0|060|1403|NAT01403|0|0|0|0|0|0||||0|0|0|73|0|0|||0|73|0|0|||0||0|
|C170|7|PROD30546|SOBREMESA CHANDELLE 180G CHOCOLATE|6|UN|31,08|0|0|000|1102|NAT01102|31,08|17|5,28|0|0|0||||0|0|0|73|0|0|||0|73|0|0|||0||0|
|C170|8|PROD16396|REQUEIJAO NESTLE 200G|20|UN|185,8|0|0|060|1403|NAT01403|0|0|0|0|0|0||||0|0|0|73|0|0|||0|73|0|0|||0||0|
|C170|9|PROD16395|REQUEIJAO NESTLE 200G LIGHT|15|UN|139,35|0|0|060|1403|NAT01403|0|0|0|0|0|0||||0|0|0|73|0|0|||0|73|0|0|||0||0|
|C170|10|PROD7362|NHOQUE BATATA MEZZANI 500G|6|UN|81|0|0|060|1403|NAT01403|0|0|0|0|0|0||||0|0|0|73|0|0|||0|73|0|0|||0||0|
|C170|11|PROD7361|RAVIOLI MEZZANI 400G FRANGO|2|UN|22,72|0|0|060|1403|NAT01403|0|0|0|0|0|0||||0|0|0|73|0|0|||0|73|0|0|||0||0|
|C170|12|PROD7363|TALHARIM MEZZANI 500GR|2|UN|24,7|0|0|060|1403|NAT01403|0|0|0|0|0|0||||0|0|0|73|0|0|||0|73|0|0|||0||0|
|C190|000|1102|17|31,08|31,08|5,28|0|0|0|0||
|C190|060|1403|0|817,37|0|0|0|0|0|0||
|C100|0|1|FORN403|55|00|000|260698|50250726461092000109550000002606981167117206|18072025|21072025|4,53|2|0|0|4,53|9|0|0|0|0|0|0|0|0|0|0|0|0|
|C170|1|PROD16518|CHAMYTO CEREAL 130G CHOCOLATE|1|UN|4,53|0|0|060|1910|NAT01910|0|0|0|0|0|0||||0|0|0|98|0|0|||0|98|0|0|||0||0|
|C190|060|1910|0|4,53|0|0|0|0|0|0||
|C100|0|1|FORN403|55|00|000|260699|50250726461092000109550000002606991165971592|18072025|21072025|989,4|1|0|0|989,4|9|0|0|0|0|0|0|0|0|0|0|0|0|
|C170|1|PROD30544|IOGURTE NESTLE 1,25KG MORANGO|6|UN|91,26|0|0|060|1403|NAT01403|0|0|0|0|0|0||||0|0|0|73|0|0|||0|73|0|0|||0||0|
|C170|2|PROD31482|IOGURTE NINHO 850G MACA BANANA|3|UN|43,8|0|0|060|1403|NAT01403|0|0|0|0|0|0||||0|0|0|73|0|0|||0|73|0|0|||0||0|
|C170|3|PROD30542|IOGURTE NESTLE 170G MORANGO|4|UN|12,44|0|0|060|1403|NAT01403|0|0|0|0|0|0||||0|0|0|73|0|0|||0|73|0|0|||0||0|
|C170|4|PROD16417|IOGURTE NESTLE 170G LARJ/MEL|4|UN|15,56|0|0|060|1403|NAT01403|0|0|0|0|0|0||||0|0|0|73|0|0|||0|73|0|0|||0||0|
|C170|5|PROD16416|IOGURTE NESTLE 160G DESNATADO|4|UN|15,56|0|0|060|1403|NAT01403|0|0|0|0|0|0||||0|0|0|73|0|0|||0|73|0|0|||0||0|
|C170|6|PROD16418|IOGURTE NESTLE 170G NATURAL/MEL|4|UN|15,56|0|0|060|1403|NAT01403|0|0|0|0|0|0||||0|0|0|73|0|0|||0|73|0|0|||0||0|
|C170|7|PROD41134|IOGURTE GREGO NESTLE 90G CALDA MORANGO|4|UN|11,84|0|0|060|1403|NAT01403|0|0|0|0|0|0||||0|0|0|73|0|0|||0|73|0|0|||0||0|
|C170|8|PROD30534|IOGURTE GREGO NESTLE 90G TORTA LIMAO|4|UN|11,84|0|0|060|1403|NAT01403|0|0|0|0|0|0||||0|0|0|73|0|0|||0|73|0|0|||0||0|
|C170|9|PROD30549|IOGURTE CHAMYTO GO 100G MORANGO|12|UN|41,64|0|0|060|1403|NAT01403|0|0|0|0|0|0||||0|0|0|73|0|0|||0|73|0|0|||0||0|
|C170|10|PROD39151|IOGURTE CHAMBINHO GO 100G MORANGO|12|UN|41,64|0|0|060|1403|NAT01403|0|0|0|0|0|0||||0|0|0|73|0|0|||0|73|0|0|||0||0|
|C170|11|PROD31483|IOGURTE NINHO LANCHEIRINHA 100G MACA BANANA|12|UN|41,64|0|0|060|1403|NAT01403|0|0|0|0|0|0||||0|0|0|73|0|0|||0|73|0|0|||0||0|
|C170|12|PROD30633|POLPA NINHO 540G 3 SABORES|18|UN|142,2|0|0|060|1403|NAT01403|0|0|0|0|0|0||||0|0|0|73|0|0|||0|73|0|0|||0||0|
|C170|13|PROD17926|LEITE FERMENTADO CHAMITO 75G|18|UN|22,89|0|0|060|1403|NAT01403|0|0|0|0|0|0||||0|0|0|73|0|0|||0|73|0|0|||0||0|
|C170|14|PROD16507|LEITE FERMENTADO CHAMITO 120G|24|UN|45,04|0|0|060|1403|NAT01403|0|0|0|0|0|0||||0|0|0|73|0|0|||0|73|0|0|||0||0|
|C170|15|PROD16518|CHAMYTO CEREAL 130G CHOCOLATE|3|UN|13,59|0|0|060|1403|NAT01403|0|0|0|0|0|0||||0|0|0|73|0|0|||0|73|0|0|||0||0|
|C170|16|PROD16395|REQUEIJAO NESTLE 200G LIGHT|15|UN|139,35|0|0|060|1403|NAT01403|0|0|0|0|0|0||||0|0|0|73|0|0|||0|73|0|0|||0||0|
|C170|17|PROD7357|RAVIOLI MEZZANI 400G CARNE|1|UN|11,36|0|0|060|1403|NAT01403|0|0|0|0|0|0||||0|0|0|73|0|0|||0|73|0|0|||0||0|
|C170|18|PROD7359|CAPELETTI MEZZANI 400G CARNE|3|UN|34,08|0|0|060|1403|NAT01403|0|0|0|0|0|0||||0|0|0|73|0|0|||0|73|0|0|||0||0|
|C170|19|PROD7361|RAVIOLI MEZZANI 400G FRANGO|3|UN|34,08|0|0|060|1403|NAT01403|0|0|0|0|0|0||||0|0|0|73|0|0|||0|73|0|0|||0||0|
|C170|20|PROD7358|CAPELETTI MEZZANI 400G FRANGO|3|UN|34,08|0|0|060|1403|NAT01403|0|0|0|0|0|0||||0|0|0|73|0|0|||0|73|0|0|||0||0|
|C170|21|PROD7362|NHOQUE BATATA MEZZANI 500G|3|UN|40,5|0|0|060|1403|NAT01403|0|0|0|0|0|0||||0|0|0|73|0|0|||0|73|0|0|||0||0|
|C170|22|PROD7363|TALHARIM MEZZANI 500GR|3|UN|37,05|0|0|060|1403|NAT01403|0|0|0|0|0|0||||0|0|0|73|0|0|||0|73|0|0|||0||0|
|C170|23|PROD45619|CREME DE RICOTA GALBANI 200G|6|UN|46,2|0|0|060|1403|NAT01403|0|0|0|0|0|0||||0|0|0|73|0|0|||0|73|0|0|||0||0|
|C170|24|PROD44727|CREME DE RICOTA GALBANI 200G LIGHT|6|UN|46,2|0|0|060|1403|NAT01403|0|0|0|0|0|0||||0|0|0|73|0|0|||0|73|0|0|||0||0|
|C190|060|1403|0|989,4|0|0|0|0|0|0||
|C100|0|1|FORN213|55|00|000|308537|50250717467515002908550000003085371273381357|11072025|15072025|2723,94|1|15,72|0|2692,38|9|0|0|0|428,27|72,81|0|0|0|6,12|28,22|0|0|
|C170|1|PROD21929|CAFE FORT 250G ALMOFADA|40|UN|520|0|0|060|1403|NAT01403|0|0|0|0|0|0||||0|0|0|73|0|0|||0|73|0|0|||0||0|
|C170|2|PROD10521|CAFE FORT 500G ALMOFADA|40|UN|1040|0|0|020|1102|NAT01102|428,27|17|72,81|0|0|0||||0|0|0|73|0|0|||0|73|0|0|||0||0|
|C170|3|PROD27251|ACHOCOLATADO TRES CORACOES 700G SACHE|12|UN|182,76|15,72|0|560|1403|NAT01403|0|0|0|0|0|0||||0|0|0|50|186,25|1,65|||3,07|50|186,25|7,6|||14,16||0|
|C170|4|PROD21928|ACHOCOLATADO TRES CORACOES 300G SACHE|24|UN|169,62|0|0|560|1403|NAT01403|0|0|0|0|0|0||||0|0|0|50|184,97|1,65|||3,05|50|184,97|7,6|||14,06||0|
|C170|5|PROD16135|CAFE BRASILEIRO 250G TRADICIONAL|20|UN|260|0|0|060|1403|NAT01403|0|0|0|0|0|0||||0|0|0|73|0|0|||0|73|0|0|||0||0|
|C170|6|PROD16134|CAFE BRASILEIRO 500G TRADICIONAL|20|UN|520|0|0|060|1403|NAT01403|0|0|0|0|0|0||||0|0|0|73|0|0|||0|73|0|0|||0||0|
|C190|020|1102|17|1040|428,27|72,81|0|0|611,73|0||
|C190|060|1403|0|1312,72|0|0|0|0|0|0||
|C190|560|1403|0|371,22|0|0|0|0|0|0||
|C100|0|1|FORN213|55|00|000|308577|50250717467515002908550000003085771945984300|11072025|15072025|192,13|2|0|0|176,19|9|0|0|0|0|0|0|0|0|0|0|0|0|
|C170|1|PROD27251|ACHOCOLATADO TRES CORACOES 700G SACHE|6|UN|91,38|0|0|560|1910|NAT01910|0|0|0|0|0|0||||0|0|0|98|0|0|||0|98|0|0|||0||0|
|C170|2|PROD21928|ACHOCOLATADO TRES CORACOES 300G SACHE|12|UN|84,81|0|0|560|1910|NAT01910|0|0|0|0|0|0||||0|0|0|98|0|0|||0|98|0|0|||0||0|
|C190|560|1910|0|192,13|0|0|0|0|0|0||
|C100|0|1|FORN236|55|00|000|1334645|50250743214055007110550000013346451830106079|05072025|10072025|641,69|1|0|0|606,73|9|0|0|10,8|0|0|0|0|0|0|0|0|0|
|C170|1|PROD9827|PATE PEDIGREE 100G CARNE MOLHO|18|UN|47,88|0|0|060|1403|NAT01403|0|0|0|0|0|0||||0|0|0|72|0|0|||0|72|0|0|||0||0|
|C170|2|PROD29534|PATE PEDIGREE 100G CARNE MOLHO AD.+7 ANOS|18|UN|47,88|0|0|060|1403|NAT01403|0|0|0|0|0|0||||0|0|0|72|0|0|||0|72|0|0|||0||0|
|C170|3|PROD28023|PATE PEDIGREE 100G FRANGO MOLHO ADULTO|18|UN|46,93|0|0|060|1403|NAT01403|0|0|0|0|0|0||||0|0|0|72|0|0|||0|72|0|0|||0||0|
|C170|4|PROD44808|RACAO PEDIGREE 900G NUTR.ESSENCIAL CARNE|6|UN|71,1|0|0|060|1403|NAT01403|0|0|0|0|0|0||||0|0|0|72|0|0|||0|72|0|0|||0||0|
|C170|5|PROD43111|RACAO PEDIGREE 900G NUTR.ESSENCIAL CARNE/LEITE|6|UN|69,42|0|0|060|1403|NAT01403|0|0|0|0|0|0||||0|0|0|72|0|0|||0|72|0|0|||0||0|
|C170|6|PROD9826|PATE PEDIGREE 100G FRANGO MOLHO FIHOTE|18|UN|47,88|0|0|060|1403|NAT01403|0|0|0|0|0|0||||0|0|0|72|0|0|||0|72|0|0|||0||0|
|C170|7|PROD42396|RACAO PEDIGREE 900G ADULTO CARNE/VEGETAIS|6|UN|92,34|0|0|060|1403|NAT01403|0|0|0|0|0|0||||0|0|0|72|0|0|||0|72|0|0|||0||0|
|C170|8|PROD40241|RACAO PEDIGREE 900G FILHOTES R.MD.G.|6|UN|91,68|0|0|060|1403|NAT01403|0|0|0|0|0|0||||0|0|0|72|0|0|||0|72|0|0|||0||0|
|C170|9|PROD42397|RACAO PEDIGREE 900G ADULTO RACAS PEQUENAS|6|UN|91,62|0|0|060|1403|NAT01403|0|0|0|0|0|0||||0|0|0|72|0|0|||0|72|0|0|||0||0|
|C190|060|1403|0|641,69|0|0|0|0|0|0||
|C100|0|1|FORN236|55|00|000|1336504|50250743214055007110550000013365041831699716|16072025|23072025|1837,86|1|0|0|1827,06|9|0|0|10,8|1837,86|312,44|0|0|0|30,34|139,66|0|0|
|C170|1|PROD46020|HAVAIANA COLOR ROA FLUX 25/26|6|UN|79,48|0|0|500|1102|NAT01102|79,95|17|13,59|0|0|0||||0|0|0|50|79,95|1,65|||1,32|50|79,95|7,6|||6,08||0|
|C170|2|PROD39722|HAVAIANA DUAL PRETO CINZA 37/38|1|UN|47,5|0|0|500|1102|NAT01102|47,78|17|8,12|0|0|0||||0|0|0|50|47,78|1,65|||0,79|50|47,78|7,6|||3,63||0|
|C170|3|PROD39723|HAVAIANA DUAL PRETO CINZA 39/40|2|UN|95|0|0|500|1102|NAT01102|95,56|17|16,25|0|0|0||||0|0|0|50|95,56|1,65|||1,58|50|95,56|7,6|||7,26||0|
|C170|4|PROD39724|HAVAIANA DUAL PRETO CINZA 41/42|2|UN|95|0|0|500|1102|NAT01102|95,56|17|16,25|0|0|0||||0|0|0|50|95,56|1,65|||1,58|50|95,56|7,6|||7,26||0|
|C170|5|PROD40521|HAVAIANA DUAL PRETO CINZA 43/44|2|UN|95|0|0|500|1102|NAT01102|95,56|17|16,25|0|0|0||||0|0|0|50|95,56|1,65|||1,58|50|95,56|7,6|||7,26||0|
|C170|6|PROD42010|HAVAIANA DUAL PRETO CINZA ACO 45/46|1|UN|47,5|0|0|500|1102|NAT01102|47,78|17|8,12|0|0|0||||0|0|0|50|47,78|1,65|||0,79|50|47,78|7,6|||3,63||0|
|C170|7|PROD43874|HAVAIANA DUAL VERDE OLIVE/BRANCO 39/40|2|UN|91,36|0|0|500|1102|NAT01102|91,9|17|15,62|0|0|0||||0|0|0|50|91,9|1,65|||1,52|50|91,9|7,6|||6,98||0|
|C170|8|PROD43873|HAVAIANA DUAL VERDE OLIVE/BRANCO 41/42|2|UN|91,36|0|0|500|1102|NAT01102|91,9|17|15,62|0|0|0||||0|0|0|50|91,9|1,65|||1,52|50|91,9|7,6|||6,98||0|
|C170|9|PROD43872|HAVAIANA DUAL VERDE OLIVE/BRANCO 43/44|2|UN|91,36|0|0|500|1102|NAT01102|91,9|17|15,62|0|0|0||||0|0|0|50|91,9|1,65|||1,52|50|91,9|7,6|||6,98||0|
|C170|10|PROD46016|HAVAIANA DUAL VERDE OLIVE/BRANCO 45/46|1|UN|45,68|0|0|500|1102|NAT01102|45,95|17|7,81|0|0|0||||0|0|0|50|45,95|1,65|||0,76|50|45,95|7,6|||3,49||0|
|C170|11|PROD46017|HAVAIANA SLIM PRINCESS AZUL LAVANDA 35/36|2|UN|72,1|0|0|500|1102|NAT01102|72,52|17|12,33|0|0|0||||0|0|0|50|72,52|1,65|||1,2|50|72,52|7,6|||5,51||0|
|C170|12|PROD46018|HAVAIANA SLIM PRINCESS ROSA/ROSA 35/36|2|UN|73,58|0|0|500|1102|NAT01102|74|17|12,58|0|0|0||||0|0|0|50|74|1,65|||1,22|50|74|7,6|||5,62||0|
|C170|13|PROD39386|HAVAIANA MASC.TOP TIMES CORINTHIANS PRETO 39/40|2|UN|80,94|0|0|500|1102|NAT01102|81,41|17|13,84|0|0|0||||0|0|0|50|81,41|1,65|||1,34|50|81,41|7,6|||6,19||0|
|C170|14|PROD39388|HAVAIANA MASC.TOP TIMES CORINTHIANS PRETO 43/44|2|UN|80,94|0|0|500|1102|NAT01102|81,41|17|13,84|0|0|0||||0|0|0|50|81,41|1,65|||1,34|50|81,41|7,6|||6,19||0|
|C170|15|PROD39397|HAVAIANA MASC.TOP TIMES PALMEIRAS AMAZONIA 39/40|2|UN|80,94|0|0|000|1102|NAT01102|81,41|17|13,84|0|0|0||||0|0|0|50|81,41|1,65|||1,34|50|81,41|7,6|||6,19||0|
|C170|16|PROD39393|HAVAIANA MASC.TOP TIMES SAO PAULO BRANCO 39/40|2|UN|80,94|0|0|000|1102|NAT01102|81,41|17|13,84|0|0|0||||0|0|0|50|81,41|1,65|||1,34|50|81,41|7,6|||6,19||0|
|C170|17|PROD40901|HAVAIANA MASC.TOP TIMES SAO PAULO BRANCO 43/44|2|UN|80,94|0|0|000|1102|NAT01102|81,41|17|13,84|0|0|0||||0|0|0|50|81,41|1,65|||1,34|50|81,41|7,6|||6,19||0|
|C170|18|PROD46015|HAVAIANA TOP BASIC BC/BC/AZUL 37/38|1|UN|31,09|0|0|000|1102|NAT01102|31,27|17|5,32|0|0|0||||0|0|0|50|31,27|1,65|||0,52|50|31,27|7,6|||2,38||0|
|C170|19|PROD45795|HAVAIANA TOP BASIC BC/BC/AZUL 39/40|2|UN|62,18|0|0|000|1102|NAT01102|62,54|17|10,63|0|0|0||||0|0|0|50|62,54|1,65|||1,03|50|62,54|7,6|||4,75||0|
|C170|20|PROD45793|HAVAIANA TOP BASIC BC/BC/AZUL 41/42|2|UN|62,18|0|0|000|1102|NAT01102|62,54|17|10,63|0|0|0||||0|0|0|50|62,54|1,65|||1,03|50|62,54|7,6|||4,75||0|
|C170|21|PROD45792|HAVAIANA TOP BASIC BC/BC/AZUL 43/44|2|UN|62,18|0|0|000|1102|NAT01102|62,54|17|10,63|0|0|0||||0|0|0|50|62,54|1,65|||1,03|50|62,54|7,6|||4,75||0|
|C170|22|PROD46014|HAVAIANA TOP BASIC BC/BC/AZUL 45/46|1|UN|31,09|0|0|000|1102|NAT01102|31,27|17|5,32|0|0|0||||0|0|0|50|31,27|1,65|||0,52|50|31,27|7,6|||2,38||0|
|C170|23|PROD46012|HAVAIANA TOP BASIC PT/PT 37/38|1|UN|31,09|0|0|000|1102|NAT01102|31,27|17|5,32|0|0|0||||0|0|0|50|31,27|1,65|||0,52|50|31,27|7,6|||2,38||0|
|C170|24|PROD45789|HAVAIANA TOP BASIC PT/PT 39/40|2|UN|62,18|0|0|000|1102|NAT01102|62,54|17|10,63|0|0|0||||0|0|0|50|62,54|1,65|||1,03|50|62,54|7,6|||4,75||0|
|C170|25|PROD45790|HAVAIANA TOP BASIC PT/PT 41/42|2|UN|62,18|0|0|000|1102|NAT01102|62,54|17|10,63|0|0|0||||0|0|0|50|62,54|1,65|||1,03|50|62,54|7,6|||4,75||0|
|C170|26|PROD45791|HAVAIANA TOP BASIC PT/PT 43/44|2|UN|62,18|0|0|000|1102|NAT01102|62,54|17|10,63|0|0|0||||0|0|0|50|62,54|1,65|||1,03|50|62,54|7,6|||4,75||0|
|C170|27|PROD46013|HAVAIANA TOP BASIC PT/PT 45/46|1|UN|31,09|0|0|000|1102|NAT01102|31,4|17|5,34|0|0|0||||0|0|0|50|31,4|1,65|||0,52|50|31,4|7,6|||2,39||0|
|C190|000|1102|17|744,68|744,68|126,6|0|0|0|0||
|C190|500|1102|17|1093,18|1093,18|185,84|0|0|0|0||
|C100|0|1|FORN236|55|00|000|1336505|50250743214055007110550000013365051831699721|16072025|23072025|53,4|2|0|0|53,4|9|0|0|0|53,4|9,08|0|0|0|0|0|0|0|
|C170|1|PROD46019|HAVAIANA SLIM LISA BUTTERCREAM 35/36|2|UN|53,4|0|0|500|1910|NAT01910|53,4|17|9,08|0|0|0||||0|0|0|98|0|0|||0|98|0|0|||0||0|
|C190|500|1910|17|53,4|53,4|9,08|0|0|0|0||
|C100|0|1|FORN390|55|00|000|21429470|31250725769266000124550000214294701121237208|05072025|10072025|2354,25|1|0|0|2051,67|9|0|0|8,97|710,35|46,14|0|0|0|26,53|122,2|0|0|
|C170|1|PROD44485|PIPOCA CROCKS CLUB 50G CHOCOLATE|28|UN|94,36|0|0|060|2403|NAT02403|0|0|0|0|0|0||||0|0|0|50|116,79|1,65|||1,93|50|116,79|7,6|||8,88||0|
|C170|2|PROD45963|SAND. IPANEMA HYPE CAPIVARA 23/24|1|UN|24,99|0|0|000|2102|NAT02102|25,1|7|1,76|0|0|0||||0|0|0|50|25,1|1,65|||0,41|50|25,1|7,6|||1,91||0|
|C170|3|PROD45961|SAND. IPANEMA HYPE CAPIVARA 25/26|2|UN|49,98|0|0|000|2102|NAT02102|50,2|7|3,51|0|0|0||||0|0|0|50|50,2|1,65|||0,83|50|50,2|7,6|||3,82||0|
|C170|4|PROD45962|SAND. IPANEMA HYPE CAPIVARA 27/28|2|UN|49,98|0|0|000|2102|NAT02102|50,2|7|3,51|0|0|0||||0|0|0|50|50,2|1,65|||0,83|50|50,2|7,6|||3,82||0|
|C170|5|PROD45964|SAND. IPANEMA HYPE CAPIVARA 29/30|2|UN|49,98|0|0|000|2102|NAT02102|50,2|7|3,51|0|0|0||||0|0|0|50|50,2|1,65|||0,83|50|50,2|7,6|||3,82||0|
|C170|6|PROD45965|SAND. IPANEMA HYPE CAPIVARA 31/32|1|UN|24,99|0|0|000|2102|NAT02102|25,1|7|1,76|0|0|0||||0|0|0|50|25,1|1,65|||0,41|50|25,1|7,6|||1,91||0|
|C170|7|PROD45966|SAND. IPANEMA HYPE CAPIVARA 33/34|1|UN|24,99|0|0|000|2102|NAT02102|25,1|7|1,76|0|0|0||||0|0|0|50|25,1|1,65|||0,41|50|25,1|7,6|||1,91||0|
|C170|8|PROD44980|SAND.IPA.INF.JURASSIC PARK VERDE/VERDE/LAR.25/26|2|UN|43,8|0|0|000|2102|NAT02102|43,99|7|3,08|0|0|0||||0|0|0|50|43,99|1,65|||0,73|50|43,99|7,6|||3,34||0|
|C170|9|PROD44982|SAND.IPA.INF.JURASSIC PARK VERDE/VERDE/LAR.29/30|2|UN|43,8|0|0|000|2102|NAT02102|43,99|7|3,08|0|0|0||||0|0|0|50|43,99|1,65|||0,73|50|43,99|7,6|||3,34||0|
|C170|10|PROD44983|SAND.IPA.INF.JURASSIC PARK VERDE/VERDE/LAR.31/32|2|UN|43,8|0|0|000|2102|NAT02102|43,99|7|3,08|0|0|0||||0|0|0|50|43,99|1,65|||0,73|50|43,99|7,6|||3,34||0|
|C170|11|PROD45968|SAND. IPANEMA POLLY E MAX STEEL PT/AZ 23/24|2|UN|38,84|0|0|000|2102|NAT02102|39,01|7|2,73|0|0|0||||0|0|0|50|39,01|1,65|||0,64|50|39,01|7,6|||2,96||0|
|C170|12|PROD45969|SAND. IPANEMA POLLY E MAX STEEL PT/AZ 25/26|2|UN|38,84|0|0|000|2102|NAT02102|39,01|7|2,73|0|0|0||||0|0|0|50|39,01|1,65|||0,64|50|39,01|7,6|||2,96||0|
|C170|13|PROD45970|SAND. IPANEMA POLLY E MAX STEEL PT/AZ 27/28|2|UN|38,84|0|0|000|2102|NAT02102|39,01|7|2,73|0|0|0||||0|0|0|50|39,01|1,65|||0,64|50|39,01|7,6|||2,96||0|
|C170|14|PROD45971|SAND. IPANEMA POLLY E MAX STEEL PT/AZ 29/30|2|UN|38,84|0|0|000|2102|NAT02102|39,01|7|2,73|0|0|0||||0|0|0|50|39,01|1,65|||0,64|50|39,01|7,6|||2,96||0|
|C170|15|PROD45972|SAND. IPANEMA POLLY E MAX STEEL PT/AZ 31/32|2|UN|38,84|0|0|000|2102|NAT02102|39,01|7|2,73|0|0|0||||0|0|0|50|39,01|1,65|||0,64|50|39,01|7,6|||2,96||0|
|C170|16|PROD45967|SAND. IPANEMA POLLY E MAX STEEL PT/AZ 33/34|1|UN|19,42|0|0|000|2102|NAT02102|19,5|7|1,37|0|0|0||||0|0|0|50|19,5|1,65|||0,32|50|19,5|7,6|||1,48||0|
|C170|17|PROD44929|BATATA PALHA CROCKS CLUB 100G TRADICIONAL|12|UN|66,24|0|0|060|2403|NAT02403|0|0|0|0|0|0||||0|0|0|73|0|0|||0|73|0|0|||0||0|
|C170|18|PROD45957|CROCKS CLUB BANANINHA 30G TRADICIONAL|96|UN|153,36|0|0|060|2403|NAT02403|0|0|0|0|0|0||||0|0|0|73|0|0|||0|73|0|0|||0||0|
|C170|19|PROD45956|CROCKS CLUB GOIABINHA 30G TRADICIONAL|96|UN|153,36|0|0|060|2403|NAT02403|0|0|0|0|0|0||||0|0|0|73|0|0|||0|73|0|0|||0||0|
|C170|20|PROD45955|CROCKS CLUB PE DE MOCA 30G C/CHOCOLATE|48|UN|120,24|0|0|060|2403|NAT02403|0|0|0|0|0|0||||0|0|0|50|147,55|1,65|||2,43|50|147,55|7,6|||11,21||0|
|C170|21|PROD45954|PIPOCA CROCKS CLUB 50G CARAMELO|21|UN|70,77|0|0|060|2403|NAT02403|0|0|0|0|0|0||||0|0|0|50|87,59|1,65|||1,45|50|87,59|7,6|||6,66||0|
|C170|22|PROD45960|ABS.ISACARE INTERNO MEDIO 8UN.|15|UN|66|0|0|260|2403|NAT02403|0|0|0|0|0|0||||0|0|0|50|79,25|1,65|||1,31|50|79,25|7,6|||6,02||0|
|C170|23|PROD45959|ABS.ISACARE INTERNO MINI 8UN.|15|UN|66|0|0|260|2403|NAT02403|0|0|0|0|0|0||||0|0|0|50|79,25|1,65|||1,31|50|79,25|7,6|||6,02||0|
|C170|24|PROD45958|ABS.ISACARE INTERNO SUPER 8UN.|16|UN|79,2|0|0|260|2403|NAT02403|0|0|0|0|0|0||||0|0|0|50|95,09|1,65|||1,57|50|95,09|7,6|||7,23||0|
|C170|25|PROD42473|ELASTICO SILICONE COLOR.ISACARE P/CABELOS C/50UN.|6|UN|23,94|0|0|060|2403|NAT02403|0|0|0|0|0|0||||0|0|0|70|0|0|||0|70|0|0|||0||0|
|C170|26|PROD43327|LIXA P/UNHAS ISACARE AMERICANA BIG C/6UN.|7|UN|18,48|0|0|000|2102|NAT02102|18,56|7|1,3|0|0|0||||0|0|0|50|18,56|1,65|||0,31|50|18,56|7,6|||1,41||0|
|C170|27|PROD34545|SABONETE LIQ.ISACARE 500ML ERVA DOCE/HORTELA|5|UN|43,4|0|0|060|2403|NAT02403|0|0|0|0|0|0||||0|0|0|70|0|0|||0|70|0|0|||0||0|
|C170|28|PROD34546|SABONETE LIQ.ISACARE 500ML LAVANDA|5|UN|43,4|0|0|060|2403|NAT02403|0|0|0|0|0|0||||0|0|0|70|0|0|||0|70|0|0|||0||0|
|C170|29|PROD34547|SABONETE LIQ.ISACARE 500ML MORANGO|5|UN|43,4|0|0|060|2403|NAT02403|0|0|0|0|0|0||||0|0|0|70|0|0|||0|70|0|0|||0||0|
|C170|30|PROD44326|PILHA STARLUX ENERGY ALCALINA PALITO AAA4 C/4UN.|12|UN|118,8|0|0|200|2102|NAT02102|119,37|4|4,77|0|0|0||||0|0|0|50|131,01|1,65|||2,16|50|131,01|7,6|||9,96||0|
|C170|31|PROD34663|ABSORVENTE ISACARE HIGIENICO C/ABAS 8UN.|60|UN|110,4|0|0|060|2403|NAT02403|0|0|0|0|0|0||||0|0|0|50|128,37|1,65|||2,12|50|128,37|7,6|||9,76||0|
|C170|32|PROD34571|ABSORVENTE ISACARE NOTURNO C/ABAS 8UN.|60|UN|130,8|0|0|060|2403|NAT02403|0|0|0|0|0|0||||0|0|0|50|152,14|1,65|||2,51|50|152,14|7,6|||11,56||0|
|C170|33|PROD33841|ACETONA ISACARE 100ML|24|UN|79,59|0|0|560|2403|NAT02403|0|0|0|0|0|0||||0|0|0|70|0|0|||0|70|0|0|||0||0|
|C190|000|2102|7|590,98|590,98|41,37|0|0|0|0||
|C190|060|2403|0|1277,75|0|0|0|0|0|0||
|C190|200|2102|4|131,01|119,37|4,77|0|0|0|0||
|C190|260|2403|0|253,59|0|0|0|0|0|0||
|C190|560|2403|0|100,92|0|0|0|0|0|0||
|C100|0|1|FORN390|55|00|000|21429471|31250725769266000124550000214294711121237515|05072025|10072025|11,2|2|0|0|9,21|9|0|0|0|0|0|0|0|0|0,18|0,85|0|0|
|C170|1|PROD34170|GAS/FILTROS/OUTROS 17|1|UN|9,21|0|1|060|2403|NAT02403|0|0|0|0|0|0||||0|0|0|50|11,2|1,65|||0,18|50|11,2|7,6|||0,85||0|
|C190|060|2403|0|11,2|0|0|0|0|0|0||
|C100|0|1|FORN390|55|00|000|21429472|31250725769266000124550000214294721121237644|05072025|10072025|105,44|1|0|0|105,44|9|0|0|0|105,44|7,38|0|0|0|1,74|8,01|0|0|
|C170|1|PROD45973|LIQUIDIFICADOR TAURUS 1000 110V|1|UN|105,44|0|0|500|2102|NAT02102|105,44|7|7,38|0|0|0||||0|0|0|50|105,44|1,65|||1,74|50|105,44|7,6|||8,01||0|
|C190|500|2102|7|105,44|105,44|7,38|0|0|0|0||
|C100|0|1|FORN390|55|00|000|21429473|31250725769266000124550000214294731121237790|05072025|10072025|49,39|1|0|0|49,39|9|0|0|0|49,39|1,98|0|0|0|0|0|0|0|
|C170|1|PROD45974|CHALEIRA ELETRICA BEST 1,8L 127V|1|UN|49,39|0|0|200|2102|NAT02102|49,39|4|1,98|0|0|0||||0|0|0|73|0|0|||0|73|0|0|||0||0|
|C190|200|2102|4|49,39|49,39|1,98|0|0|0|0||
|C100|0|1|FORN390|55|00|000|21460282|31250725769266000124550000214602821070646770|19072025|24072025|610,22|1|0|0|557,2|9|0|0|2,99|333,77|23,37|0|0|0|9,44|43,37|0|0|
|C170|1|PROD46029|SANDALIA STARLUX GLITTER PRETO 36|3|UN|45,72|0|0|000|2102|NAT02102|45,97|7|3,22|0|0|0||||0|0|0|50|45,97|1,65|||0,76|50|45,97|7,6|||3,49||0|
|C170|2|PROD46027|SANDALIA STARLUX GLITTER PRETO 37|3|UN|45,72|0|0|000|2102|NAT02102|45,97|7|3,22|0|0|0||||0|0|0|50|45,97|1,65|||0,76|50|45,97|7,6|||3,49||0|
|C170|3|PROD46028|SANDALIA STARLUX GLITTER PRETO 38|3|UN|45,72|0|0|000|2102|NAT02102|45,97|7|3,22|0|0|0||||0|0|0|50|45,97|1,65|||0,76|50|45,97|7,6|||3,49||0|
|C170|4|PROD46026|SANDALIA STARLUX GLITTER PRETO 39/40|3|UN|45,72|0|0|000|2102|NAT02102|45,97|7|3,22|0|0|0||||0|0|0|50|45,97|1,65|||0,76|50|45,97|7,6|||3,49||0|
|C170|5|PROD30483|ESPONJA STAR LUX MULTIUSO UN.|72|UN|43,92|0|0|060|2403|NAT02403|0|0|0|0|0|0||||0|0|0|50|53,98|1,65|||0,89|50|53,98|7,6|||4,1||0|
|C170|6|PROD35615|PASTILHA ADESIVA STARLUX C/3UN.FLORAL|8|UN|27,44|0|0|000|2102|NAT02102|27,59|7|1,93|0|0|0||||0|0|0|50|27,59|1,65|||0,46|50|27,59|7,6|||2,1||0|
|C170|7|PROD35616|PASTILHA ADESIVA STARLUX C/3UN.LAVANDA|8|UN|27,44|0|0|000|2102|NAT02102|27,59|7|1,93|0|0|0||||0|0|0|50|27,59|1,65|||0,46|50|27,59|7,6|||2,1||0|
|C170|8|PROD35617|PASTILHA ADESIVA STARLUX C/3UN.MARINE|8|UN|27,44|0|0|000|2102|NAT02102|27,59|7|1,93|0|0|0||||0|0|0|50|27,59|1,65|||0,46|50|27,59|7,6|||2,1||0|
|C170|9|PROD38333|ODORIZANTE GEL STARLUX 60G LAVANDA|7|UN|39,27|0|0|000|2102|NAT02102|39,45|7|2,76|0|0|0||||0|0|0|73|0|0|||0|73|0|0|||0||0|
|C170|10|PROD35614|PEDRA SANITARIA STARLUX 35G JASMIM|12|UN|27,52|0|0|000|2102|NAT02102|27,67|7|1,94|0|0|0||||0|0|0|50|27,67|1,65|||0,46|50|27,67|7,6|||2,1||0|
|C170|11|PROD35415|CANECA PLASTICA STARLUX 270ML|12|UN|45,44|0|0|060|2403|NAT02403|0|0|0|0|0|0||||0|0|0|50|55,53|1,65|||0,92|50|55,53|7,6|||4,22||0|
|C170|12|PROD33378|ESPONJA STARLUX MULTIUSO L4P3|60|UN|135,85|0|0|060|2403|NAT02403|0|0|0|0|0|0||||0|0|0|50|166,94|1,65|||2,75|50|166,94|7,6|||12,69||0|
|C190|000|2102|7|333,77|333,77|23,37|0|0|0|0||
|C190|060|2403|0|276,45|0|0|0|0|0|0||
|C100|0|1|FORN390|55|00|000|21460283|31250725769266000124550000214602831070646980|19072025|24072025|333,19|1|0|0|277,2|9|0|0|0|0|0|0|0|0|5,5|25,32|0|0|
|C170|1|PROD34550|AGUA MICELAR ISACARE200ML|24|UN|277,2|0|0|060|2403|NAT02403|0|0|0|0|0|0||||0|0|0|50|333,19|1,65|||5,5|50|333,19|7,6|||25,32||0|
|C190|060|2403|0|333,19|0|0|0|0|0|0||
|C100|0|1|FORN390|55|00|000|21460284|31250725769266000124550000214602841070647569|19072025|24072025|2893,24|1|0|0|2463,72|9|0|0|8,97|550,01|36,65|0|0|0|19,23|88,6|0|0|
|C170|1|PROD31945|LAMPADA OUROLUX LED 6W BIVOLT|8|UN|21,44|0|0|260|2403|NAT02403|0|0|0|0|0|0||||0|0|0|72|0|0|||0|72|0|0|||0||0|
|C170|2|PROD44029|OLEO ISACARE VEGETAL 60ML SEMENTE UVA|8|UN|65,36|0|0|060|2403|NAT02403|0|0|0|0|0|0||||0|0|0|70|0|0|||0|70|0|0|||0||0|
|C170|3|PROD37694|PROTETOR LABIAL ISACARE FRUTIS 3,5G CEREJA|7|UN|34,23|0|0|060|2403|NAT02403|0|0|0|0|0|0||||0|0|0|73|0|0|||0|73|0|0|||0||0|
|C170|4|PROD32855|LAMPADA OUROLUX LED 15W BIVOLT|8|UN|41,36|0|0|260|2403|NAT02403|0|0|0|0|0|0||||0|0|0|73|0|0|||0|73|0|0|||0||0|
|C170|5|PROD43540|BALOES STARLUX LISO 9.0 C/25UN.SORTIDO|14|UN|93,24|0|0|500|2102|NAT02102|93,58|7|6,55|0|0|0||||0|0|0|50|93,58|1,65|||1,54|50|93,58|7,6|||7,11||0|
|C170|6|PROD44324|PILHA STARLUX ENERGY ALCALINA AA2 C/2UN.|14|UN|61,32|0|0|200|2102|NAT02102|61,56|4|2,46|0|0|0||||0|0|0|50|67,56|1,65|||1,11|50|67,56|7,6|||5,13||0|
|C170|7|PROD43818|HASTES FLEX.ISABABY BLUE COMFORT 75UN|12|UN|23,74|0|0|560|2403|NAT02403|0|0|0|0|0|0||||0|0|0|50|28,2|1,65|||0,47|50|28,2|7,6|||2,14||0|
|C170|8|PROD30750|HIDRATANTE MONANGE 200ML EXTRATO OLIVA|6|UN|40,56|0|0|560|2403|NAT02403|0|0|0|0|0|0||||0|0|0|70|0|0|||0|70|0|0|||0||0|
|C170|9|PROD46030|DES.NIVEA AERO 150ML DEEP SPORT|6|UN|59,52|0|0|560|2403|NAT02403|0|0|0|0|0|0||||0|0|0|70|0|0|||0|70|0|0|||0||0|
|C170|10|PROD26453|DES.NIVEA AEROSOL 150ML PROTECT CARE|6|UN|59,52|0|0|560|2403|NAT02403|0|0|0|0|0|0||||0|0|0|70|0|0|||0|70|0|0|||0||0|
|C170|11|PROD31162|TINTURA BEAUTY COLOR 1.0 PRETO ONIX|3|UN|31,97|0|0|060|2403|NAT02403|0|0|0|0|0|0||||0|0|0|70|0|0|||0|70|0|0|||0||0|
|C170|12|PROD6007|TINTURA BEAUTY COLOR 2.0 PRETO|3|UN|31,97|0|0|060|2403|NAT02403|0|0|0|0|0|0||||0|0|0|70|0|0|||0|70|0|0|||0||0|
|C170|13|PROD31946|LAMPADA OUROLUX LED 9W BIVOLT|20|UN|58|0|0|260|2403|NAT02403|0|0|0|0|0|0||||0|0|0|72|0|0|||0|72|0|0|||0||0|
|C170|14|PROD36507|HIDRATANTE MONANGE 200ML PELE SECA|6|UN|40,56|0|0|560|2403|NAT02403|0|0|0|0|0|0||||0|0|0|70|0|0|||0|70|0|0|||0||0|
|C170|15|PROD6006|TINTURA BEAUTY COLOR 2.11 PRETO AZU|3|UN|31,97|0|0|060|2403|NAT02403|0|0|0|0|0|0||||0|0|0|70|0|0|||0|70|0|0|||0||0|
|C170|16|PROD5998|TINTURA BEAUTY COLOR 5.37 MARROM PA|3|UN|31,97|0|0|060|2403|NAT02403|0|0|0|0|0|0||||0|0|0|70|0|0|||0|70|0|0|||0||0|
|C170|17|PROD5982|TINTURA BEAUTY COLOR 7.0 LOURO NATU|3|UN|31,97|0|0|060|2403|NAT02403|0|0|0|0|0|0||||0|0|0|70|0|0|||0|70|0|0|||0||0|
|C170|18|PROD10437|ABS.INTIMUS GEL SUAVE L16P14|15|UN|105,9|0|0|060|2403|NAT02403|0|0|0|0|0|0||||0|0|0|50|125,08|1,65|||2,06|50|125,08|7,6|||9,51||0|
|C170|19|PROD10451|ABS.INTIMUS INTERNO MEDIO 8UN.|12|UN|80,16|0|0|560|2403|NAT02403|0|0|0|0|0|0||||0|0|0|50|97,22|1,65|||1,6|50|97,22|7,6|||7,39||0|
|C170|20|PROD10450|ABS.INTIMUS INTERNO SUPER 8UN.|16|UN|106,88|0|0|560|2403|NAT02403|0|0|0|0|0|0||||0|0|0|50|129,82|1,65|||2,14|50|129,82|7,6|||9,87||0|
|C170|21|PROD23753|CANETA COMPACTOR JET LUX SORT.SM 4UN.|10|PT|47,42|0|0|500|2102|NAT02102|47,59|7|3,33|0|0|0||||0|0|0|50|47,59|1,65|||0,79|50|47,59|7,6|||3,62||0|
|C170|22|PROD33647|FIO DENTAL DENTIL 125M EXTRA FINO MENTA|12|UN|67,13|0|0|060|2403|NAT02403|0|0|0|0|0|0||||0|0|0|70|0|0|||0|70|0|0|||0||0|
|C170|23|PROD27312|FIO DENTAL DENTIL 100M PREMIUM|12|UN|81,85|0|0|060|2403|NAT02403|0|0|0|0|0|0||||0|0|0|70|0|0|||0|70|0|0|||0||0|
|C170|24|PROD33981|SHAMPOO ISACARE ANTICASPA 200ML 3X1|5|UN|35,3|0|0|060|2403|NAT02403|0|0|0|0|0|0||||0|0|0|70|0|0|||0|70|0|0|||0||0|
|C170|25|PROD36777|FITA EMPACOTAMENTO STARLUX 48X45M TRANSP.|20|UN|69,88|0|0|400|2102|NAT02102|70,13|7|4,91|0|0|0||||0|0|0|50|70,13|1,65|||1,16|50|70,13|7,6|||5,33||0|
|C170|26|PROD44137|FLOTADOR STARLUX 500ML LIMPEZA PESADA|6|UN|34,98|0|0|060|2403|NAT02403|0|0|0|0|0|0||||0|0|0|50|42,91|1,65|||0,71|50|42,91|7,6|||3,26||0|
|C170|27|PROD10436|ABS.INTIMUS GEL SECA L16P14|15|UN|105,9|0|0|560|2403|NAT02403|0|0|0|0|0|0||||0|0|0|50|124,7|1,65|||2,06|50|124,7|7,6|||9,48||0|
|C170|28|PROD43503|OLEO ISACARE VEGETAL 60ML COCO|8|UN|68,08|0|0|060|2403|NAT02403|0|0|0|0|0|0||||0|0|0|70|0|0|||0|70|0|0|||0||0|
|C170|29|PROD45845|OLEO ISACARE VEGETAL 60ML RICINO|8|UN|68,08|0|0|060|2403|NAT02403|0|0|0|0|0|0||||0|0|0|70|0|0|||0|70|0|0|||0||0|
|C170|30|PROD17692|DES.NIVEA AEROSOL 150ML PEARL BEAUTY|6|UN|59,52|0|0|560|2403|NAT02403|0|0|0|0|0|0||||0|0|0|70|0|0|||0|70|0|0|||0||0|
|C170|31|PROD45005|DES.NIVEA ROLON 50ML DEEP|6|UN|37,56|0|0|560|2403|NAT02403|0|0|0|0|0|0||||0|0|0|70|0|0|||0|70|0|0|||0||0|
|C170|32|PROD17715|DESODORANTE NIVEA ROLON 50ML DRY CO|6|UN|37,56|0|0|560|2403|NAT02403|0|0|0|0|0|0||||0|0|0|70|0|0|||0|70|0|0|||0||0|
|C170|33|PROD17717|DESODORANTE NIVEA ROLON 50ML DRY IM|6|UN|37,56|0|0|560|2403|NAT02403|0|0|0|0|0|0||||0|0|0|73|0|0|||0|73|0|0|||0||0|
|C170|34|PROD17686|DESODORANTE NIVEA ROLON 50ML INVISI|6|UN|37,56|0|0|560|2403|NAT02403|0|0|0|0|0|0||||0|0|0|70|0|0|||0|70|0|0|||0||0|
|C170|35|PROD30669|DESODORANTE NIVEA ROLON 50ML ORIGINAL PROTECT|6|UN|37,56|0|0|560|2403|NAT02403|0|0|0|0|0|0||||0|0|0|70|0|0|||0|70|0|0|||0||0|
|C170|36|PROD22075|CHOCOLATE LACTA 40G 5 STAR|18|UN|50,33|0|0|560|2403|NAT02403|0|0|0|0|0|0||||0|0|0|50|61,72|1,65|||1,02|50|61,72|7,6|||4,69||0|
|C170|37|PROD16296|CHOCOLATE CHARGE 40G|30|UN|84,9|0|0|560|2403|NAT02403|0|0|0|0|0|0||||0|0|0|73|0|0|||0|73|0|0|||0||0|
|C170|38|PROD16369|CHOCOLATE NESTLE LOLLO 28G|30|UN|84,9|0|0|560|2403|NAT02403|0|0|0|0|0|0||||0|0|0|73|0|0|||0|73|0|0|||0||0|
|C170|39|PROD13201|COLA SUPER BONDER 3G|26|UN|102,87|0|0|500|2102|NAT02102|103,24|7|7,23|0|0|0||||0|0|0|50|103,24|1,65|||1,7|50|103,24|7,6|||7,85||0|
|C170|40|PROD13423|GUARDANAPO SCOTT 24X22CM|24|UN|37,66|0|0|060|2403|NAT02403|0|0|0|0|0|0||||0|0|0|73|0|0|||0|73|0|0|||0||0|
|C170|41|PROD37544|SACO LIXO STARLUX ROLO 30L C/20UN PRETO|12|UN|52,2|0|0|060|2403|NAT02403|0|0|0|0|0|0||||0|0|0|73|0|0|||0|73|0|0|||0||0|
|C170|42|PROD36788|PANO LIMPEZA STARLUX 60X90CM AZUL|24|UN|173,28|0|0|000|2102|NAT02102|173,91|7|12,17|0|0|0||||0|0|0|50|173,91|1,65|||2,87|50|173,91|7,6|||13,22||0|
|C190|000|2102|7|173,91|173,91|12,17|0|0|0|0||
|C190|060|2403|0|991,15|0|0|0|0|0|0||
|C190|200|2102|4|67,56|61,56|2,46|0|0|0|0||
|C190|260|2403|0|155,41|0|0|0|0|0|0||
|C190|400|2102|7|70,13|70,13|4,91|0|0|0|0||
|C190|500|2102|7|244,41|244,41|17,11|0|0|0|0||
|C190|560|2403|0|1190,67|0|0|0|0|0|0||
|C100|0|1|FORN390|55|00|000|21460285|31250725769266000124550000214602851070647981|19072025|24072025|95,78|1|0|0|79,68|9|0|0|0|0|0|0|0|0|0|0|0|0|
|C170|1|PROD46023|DESODORANTE SPRAY CONTOURE 80ML MEMORIAS|24|UN|79,68|0|0|560|2403|NAT02403|0|0|0|0|0|0||||0|0|0|70|0|0|||0|70|0|0|||0||0|
|C190|560|2403|0|95,78|0|0|0|0|0|0||
|C100|0|1|FORN390|55|00|000|21460286|31250725769266000124550000214602861070648098|19072025|24072025|4|1|0|0|3,17|9|0|0|0|0|0|0|0|0|0|0|0|0|
|C170|1|PROD46024|ESFOLIANTE LABIAL ISACARE 3,5G UVA|1|UN|3,17|0|0|060|2403|NAT02403|0|0|0|0|0|0||||0|0|0|70|0|0|||0|70|0|0|||0||0|
|C190|060|2403|0|4|0|0|0|0|0|0||
|C100|0|1|FORN569|55|00|001|413|50250709317790000108550010000004131000001784|22072025|23072025|1005|1|0|0|1005|9|0|0|0|0|0|0|0|0|3,59|16,53|0|0|
|C170|1|PROD45218|CARVAO TOP 10 2,5KG|20|UN|230|0|0|102|1403|NAT01403|0|0|0|0|0|0||||0|0|0|73|0|0|||0|73|0|0|||0||0|
|C170|2|PROD26186|CARVAO TOP 10 5KG|25|UN|557,5|0|0|102|1403|NAT01403|0|0|0|0|0|0||||0|0|0|73|0|0|||0|73|0|0|||0||0|
|C170|3|PROD26184|LENHA EXTRA 10KG|15|UN|217,5|0|0|102|1403|NAT01403|0|0|0|0|0|0||||0|0|0|50|217,5|1,65|||3,59|50|217,5|7,6|||16,53||0|
|C190|102|1403|0|1005|0|0|0|0|0|0||
|C100|0|1|FORN580|55|00|001|1269|50250781611931001523550010000012691159591003|12072025|16072025|680,94|1|0|0|656,99|1|11,73|0|2,99|286,61|48,72|0|0|0|0|0|0|0|
|C170|1|PROD38656|GELEIA QUEENSBERRY 1,2KG PIMENTA VERMELHA|6|UN|194,41|0|0|060|1403|NAT01403|0|0|0|0|0|0||||0|0|0|73|0|0|||0|73|0|0|||0||0|
|C170|2|PROD45989|PIMENTA CALABRESA FLOCOS NUANCE 250G|10|PT|83|0|0|000|1102|NAT01102|84,83|17|14,42|0|0|0||||0|0|0|73|0|0|||0|73|0|0|||0||0|
|C170|3|PROD45988|BACON FATIADO TUCHE 1KG|8|UN|309,68|0|0|020|1102|NAT01102|130,34|17|22,16|0|0|0||||0|0|0|73|0|0|||0|73|0|0|||0||0|
|C170|4|PROD43049|OREGANO NUANCE 250G|10|UN|69,9|0|0|200|1102|NAT01102|71,44|17|12,14|0|0|0||||0|0|0|73|0|0|||0|73|0|0|||0||0|
|C190|000|1102|17|84,83|84,83|14,42|0|0|0|0||
|C190|020|1102|17|316,54|130,34|22,16|0|0|186,2|0||
|C190|060|1403|0|208,13|0|0|0|0|0|0||
|C190|200|1102|17|71,44|71,44|12,14|0|0|0|0||
|C100|0|1|FORN577|55|00|001|3869|50250753980146000107550010000038691378479325|01072025|01072025|725|1|0|0|725|9|0|0|0|298,53|50,75|0|0|0|0|0|0|0|
|C170|1|PROD19256|MACA FUJI KG|90|KG|725|0|0|020|1102|NAT01102|298,53|17|50,75|0|0|0||||0|0|0|73|0|0|||0|73|0|0|||0||0|
|C190|020|1102|17|725|298,53|50,75|0|0|426,47|0||
|C100|0|1|FORN577|55|00|001|4000|50250753980146000107550010000040001496636851|08072025|09072025|725|1|0|0|725|9|0|0|0|298,53|50,75|0|0|0|0|0|0|0|
|C170|1|PROD19256|MACA FUJI KG|90|KG|725|0|0|020|1102|NAT01102|298,53|17|50,75|0|0|0||||0|0|0|73|0|0|||0|73|0|0|||0||0|
|C190|020|1102|17|725|298,53|50,75|0|0|426,47|0||
|C100|0|1|FORN577|55|00|001|4073|50250753980146000107550010000040731188384262|11072025|11072025|725|1|0|0|725|9|0|0|0|298,53|50,75|0|0|0|0|0|0|0|
|C170|1|PROD19256|MACA FUJI KG|90|KG|725|0|0|020|1102|NAT01102|298,53|17|50,75|0|0|0||||0|0|0|73|0|0|||0|73|0|0|||0||0|
|C190|020|1102|17|725|298,53|50,75|0|0|426,47|0||
|C100|0|1|FORN577|55|00|001|4077|50250753980146000107550010000040771961546877|11072025|11072025|250|1|0|0|250|9|0|0|0|102,94|17,5|0|0|0|0|0|0|0|
|C170|1|PROD18798|ABACATE KG|36|KG|250|0|0|020|1102|NAT01102|102,94|17|17,5|0|0|0||||0|0|0|73|0|0|||0|73|0|0|||0||0|
|C190|020|1102|17|250|102,94|17,5|0|0|147,06|0||
|C100|0|1|FORN577|55|00|001|4135|50250753980146000107550010000041351991949010|15072025|15072025|725|1|0|0|725|9|0|0|0|298,53|50,75|0|0|0|0|0|0|0|
|C170|1|PROD19256|MACA FUJI KG|90|KG|725|0|0|020|1102|NAT01102|298,53|17|50,75|0|0|0||||0|0|0|73|0|0|||0|73|0|0|||0||0|
|C190|020|1102|17|725|298,53|50,75|0|0|426,47|0||
|C100|0|1|FORN577|55|00|001|4403|50250753980146000107550010000044031441898076|25072025|25072025|800|1|0|0|800|9|0|0|0|800|136|0|0|0|0|0|0|0|
|C170|1|PROD18688|MACA PINK LADY KG|90|KG|800|0|0|200|1102|NAT01102|800|17|136|0|0|0||||0|0|0|73|0|0|||0|73|0|0|||0||0|
|C190|200|1102|17|800|800|136|0|0|0|0||
|C100|0|1|FORN568|55|00|001|5362|50250747525998000101550010000053621806368130|22072025|22072025|1482|1|0|0|1482|9|0|0|0|610,22|103,74|0|0|0|0|0|0|0|
|C170|1|PROD19227|MELANCIA KG|510|KG|1122|0|0|020|1102|NAT01102|461,99|17|78,54|0|0|0||||0|0|0|73|0|0|||0|73|0|0|||0||0|
|C170|2|PROD19249|MAMAO FORMOSA KG|80|KG|360|0|0|020|1102|NAT01102|148,23|17|25,2|0|0|0||||0|0|0|73|0|0|||0|73|0|0|||0||0|
|C190|020|1102|17|1482|610,22|103,74|0|0|871,78|0||
|C100|0|1|FORN568|55|00|001|5466|50250747525998000101550010000054661818359224|25072025|25072025|2059|1|0|0|2059|9|0|0|0|847,81|144,13|0|0|0|0|0|0|0|
|C170|1|PROD19227|MELANCIA KG|480|KG|1056|0|0|020|1102|NAT01102|434,82|17|73,92|0|0|0||||0|0|0|73|0|0|||0|73|0|0|||0||0|
|C170|2|PROD19249|MAMAO FORMOSA KG|100|KG|450|0|0|020|1102|NAT01102|185,29|17|31,5|0|0|0||||0|0|0|73|0|0|||0|73|0|0|||0||0|
|C170|3|PROD19080|ABOBORA GIGANTE KG|38|KG|133|0|0|020|1102|NAT01102|54,76|17|9,31|0|0|0||||0|0|0|73|0|0|||0|73|0|0|||0||0|
|C170|4|PROD19252|PONKAN KG|100|KG|420|0|0|020|1102|NAT01102|172,94|17|29,4|0|0|0||||0|0|0|73|0|0|||0|73|0|0|||0||0|
|C190|020|1102|17|2059|847,81|144,13|0|0|1211,19|0||
|C100|0|1|FORN536|55|00|001|8038|50250752238099000168550010000080381001738067|03072025|04072025|1375,6|1|0|0|1375,6|9|0|0|0|0|0|0|0|0|17,02|78,35|0|0|
|C170|1|PROD45882|COLHER DESC.REFEICAO MASTER PRAFESTA 50UN.CRISTAL|10|UN|86,45|0|0|060|1403|NAT01403|0|0|0|0|0|0||||0|0|0|50|86,45|1,65|||1,43|50|86,45|7,6|||6,57||0|
|C170|2|PROD40738|COPO TERMICO ISOPOR TOTALPLAST 180ML C/20UN.|10|UN|47,4|0|0|060|1403|NAT01403|0|0|0|0|0|0||||0|0|0|50|47,4|1,65|||0,78|50|47,4|7,6|||3,6||0|
|C170|3|PROD41087|CANUDO BIO PLASTISUL 5MMX20CM COMUM C/100UN.|12|UN|50,16|0|0|102|1403|NAT01403|0|0|0|0|0|0||||0|0|0|50|50,16|1,65|||0,83|50|50,16|7,6|||3,81||0|
|C170|4|PROD18894|PRATO LAMINADO REDONDO N5|10|UN|9,49|0|0|060|1403|NAT01403|0|0|0|0|0|0||||0|0|0|73|0|0|||0|73|0|0|||0||0|
|C170|5|PROD43065|POTE PLAST.PP CRISTALCOPO 500ML C/25UN C/TAMPA|4|UN|73,16|0|0|102|1403|NAT01403|0|0|0|0|0|0||||0|0|0|50|73,16|1,65|||1,21|50|73,16|7,6|||5,56||0|
|C170|6|PROD36290|POTE PLAST.PP 250ML CRISTALCOPO C/25UN.C/TAMPA|5|UN|52,95|0|0|102|1403|NAT01403|0|0|0|0|0|0||||0|0|0|50|52,95|1,65|||0,87|50|52,95|7,6|||4,02||0|
|C170|7|PROD39103|TOUCA DESCARTAVEL VABENE BRANCA C/100UN.|10|UN|90,3|0|0|102|1403|NAT01403|0|0|0|0|0|0||||0|0|0|73|0|0|||0|73|0|0|||0||0|
|C170|8|PROD40274|SACO LIXO 200L PRETO 90X115CM MIC.13 1KG|10|UN|123,4|0|0|102|1403|NAT01403|0|0|0|0|0|0||||0|0|0|73|0|0|||0|73|0|0|||0||0|
|C170|9|PROD36322|BAND.ISOPOR P/HAMBURGUER N3 C/10UN.|120|UN|342|0|0|102|1403|NAT01403|0|0|0|0|0|0||||0|0|0|50|342|1,65|||5,64|50|342|7,6|||25,99||0|
|C170|10|PROD36317|MARMITEX ISOPOR 1100ML C/50UN.|6|UN|132,51|0|0|102|1403|NAT01403|0|0|0|0|0|0||||0|0|0|50|132,51|1,65|||2,19|50|132,51|7,6|||10,07||0|
|C170|11|PROD36318|MARMITEX ISOPOR 750ML C/50UN.|4|UN|77,88|0|0|102|1403|NAT01403|0|0|0|0|0|0||||0|0|0|50|77,88|1,65|||1,29|50|77,88|7,6|||5,92||0|
|C170|12|PROD36296|COPO DESCART.FORFEST 200ML ROSA|6|UN|37,08|0|0|060|1403|NAT01403|0|0|0|0|0|0||||0|0|0|50|37,08|1,65|||0,61|50|37,08|7,6|||2,82||0|
|C170|13|PROD45096|PRATO DESC.PLASTIC 15CM RASO C/10UN.AZUL ESCURO|10|PC|18,9|0|0|060|1403|NAT01403|0|0|0|0|0|0||||0|0|0|50|18,9|1,65|||0,31|50|18,9|7,6|||1,44||0|
|C170|14|PROD38371|PRATO DESC.FORFEST 15CM RASO C/10UN DOURADO|10|UN|18,9|0|0|060|1403|NAT01403|0|0|0|0|0|0||||0|0|0|50|18,9|1,65|||0,31|50|18,9|7,6|||1,44||0|
|C170|15|PROD45099|PRATO DESC.PLASTIC 15CM RASO C/10UN.ROSA|10|PC|18,9|0|0|060|1403|NAT01403|0|0|0|0|0|0||||0|0|0|50|18,9|1,65|||0,31|50|18,9|7,6|||1,44||0|
|C170|16|PROD25582|PRATO DESC.FORFEST 15CM RASO C/10UN.VERMELHO|10|UN|18,9|0|0|060|1403|NAT01403|0|0|0|0|0|0||||0|0|0|50|18,9|1,65|||0,31|50|18,9|7,6|||1,44||0|
|C170|17|PROD13404|VELA ANIVERSARIO JUNCO/REGINA|40|UN|121,6|0|0|102|1403|NAT01403|0|0|0|0|0|0||||0|0|0|73|0|0|||0|73|0|0|||0||0|
|C170|18|PROD45885|GARFO P/SOBREMESA STRAWOLAST 50UN.ROSA|6|UN|18,54|0|0|060|1403|NAT01403|0|0|0|0|0|0||||0|0|0|50|18,54|1,65|||0,31|50|18,54|7,6|||1,41||0|
|C170|19|PROD45883|COLHER P/SOBREMESA STRAWOLAST 50UN.ROSA|6|UN|18,54|0|0|060|1403|NAT01403|0|0|0|0|0|0||||0|0|0|50|18,54|1,65|||0,31|50|18,54|7,6|||1,41||0|
|C170|20|PROD45884|COLHER P/SOBREMESA STRAWOLAST 50UN.AZUL|6|UN|18,54|0|0|060|1403|NAT01403|0|0|0|0|0|0||||0|0|0|50|18,54|1,65|||0,31|50|18,54|7,6|||1,41||0|
|C190|060|1403|0|311,64|0|0|0|0|0|0||
|C190|102|1403|0|1063,96|0|0|0|0|0|0||
|C100|0|1|FORN536|55|00|001|8113|50250752238099000168550010000081131001850050|09072025|11072025|1510,38|1|0|0|1510,38|9|0|0|0|0|0|0|0|0|15,73|72,46|0|0|
|C170|1|PROD37691|GUARDANAPO SORELLA 22X23CM C/50UN.|32|UN|55,68|0|0|060|1403|NAT01403|0|0|0|0|0|0||||0|0|0|73|0|0|||0|73|0|0|||0||0|
|C170|2|PROD45748|GUARDANAPO SORELLA 30X30,5CM C/50UN.|18|UN|56,97|0|0|060|1403|NAT01403|0|0|0|0|0|0||||0|0|0|73|0|0|||0|73|0|0|||0||0|
|C170|3|PROD40746|VELA ANIVERSARIO JUNCO ESTRELAR C/3UN.|10|UN|33,3|0|0|102|1403|NAT01403|0|0|0|0|0|0||||0|0|0|73|0|0|||0|73|0|0|||0||0|
|C170|4|PROD43740|VELA ANIVERSARIO JUNCO FONTE ESTRELAR 1UN.|10|UN|86,5|0|0|102|1403|NAT01403|0|0|0|0|0|0||||0|0|0|73|0|0|||0|73|0|0|||0||0|
|C170|5|PROD36314|BOBINA RESINITE LUSAFILM 38CMX300M|2|UN|74,08|0|0|102|1403|NAT01403|0|0|0|0|0|0||||0|0|0|50|74,08|1,65|||1,22|50|74,08|7,6|||5,63||0|
|C170|6|PROD18852|PRATO LAMINADO RETANGULAR N4|10|UN|11,87|0|0|060|1403|NAT01403|0|0|0|0|0|0||||0|0|0|73|0|0|||0|73|0|0|||0||0|
|C170|7|PROD18894|PRATO LAMINADO REDONDO N5|10|UN|9,49|0|0|060|1403|NAT01403|0|0|0|0|0|0||||0|0|0|73|0|0|||0|73|0|0|||0||0|
|C170|8|PROD18844|PRATO LAMINADO REDONDO N4|10|UN|6,89|0|0|060|1403|NAT01403|0|0|0|0|0|0||||0|0|0|73|0|0|||0|73|0|0|||0||0|
|C170|9|PROD42466|POTE PLAST.PP CRISTALCOPO 1000ML C/25UN C/TAMPA|4|UN|114,96|0|0|102|1403|NAT01403|0|0|0|0|0|0||||0|0|0|50|114,96|1,65|||1,9|50|114,96|7,6|||8,74||0|
|C170|10|PROD43065|POTE PLAST.PP CRISTALCOPO 500ML C/25UN C/TAMPA|3|UN|54,87|0|0|102|1403|NAT01403|0|0|0|0|0|0||||0|0|0|50|54,87|1,65|||0,91|50|54,87|7,6|||4,17||0|
|C170|11|PROD38620|POTE PLAST.RIOPLASTIC 500ML RET.C/TAMPA ART.C/24UN.|3|UN|59,82|0|0|102|1403|NAT01403|0|0|0|0|0|0||||0|0|0|50|59,82|1,65|||0,99|50|59,82|7,6|||4,55||0|
|C170|12|PROD36290|POTE PLAST.PP 250ML CRISTALCOPO C/25UN.C/TAMPA|2|UN|21,18|0|0|102|1403|NAT01403|0|0|0|0|0|0||||0|0|0|50|21,18|1,65|||0,35|50|21,18|7,6|||1,61||0|
|C170|13|PROD40276|SACO LIXO 50L PRETO 63X80CM MIC.18 1KG|3|UN|37,02|0|0|060|1403|NAT01403|0|0|0|0|0|0||||0|0|0|73|0|0|||0|73|0|0|||0||0|
|C170|14|PROD36318|MARMITEX ISOPOR 750ML C/50UN.|8|UN|155,76|0|0|102|1403|NAT01403|0|0|0|0|0|0||||0|0|0|50|155,76|1,65|||2,57|50|155,76|7,6|||11,84||0|
|C170|15|PROD36923|BAND.ISOPOR BH 101 C/10UN.|60|UN|270,75|0|0|102|1403|NAT01403|0|0|0|0|0|0||||0|0|0|50|270,75|1,65|||4,47|50|270,75|7,6|||20,58||0|
|C170|16|PROD36259|EMBALAGEM CONF.G 695 C/700 UN.|1|CX|142,51|0|0|102|1403|NAT01403|0|0|0|0|0|0||||0|0|0|73|0|0|||0|73|0|0|||0||0|
|C170|17|PROD39053|EMBAL.CONF.G/P 60 GALVANOTEK BC/PT MEDIA/ALTA UN.|5|UN|15,45|0|0|102|1403|NAT01403|0|0|0|0|0|0||||0|0|0|50|15,45|1,65|||0,25|50|15,45|7,6|||1,17||0|
|C170|18|PROD29877|PRATO DESC.CRISTALCOPO 15CM BRANCO 10UN.|100|UN|116,85|0|0|060|1403|NAT01403|0|0|0|0|0|0||||0|0|0|73|0|0|||0|73|0|0|||0||0|
|C170|19|PROD36939|PRATO PLAST.QUADR.STRAWPLAST 15CM ROSA|3|UN|27,36|0|0|060|1403|NAT01403|0|0|0|0|0|0||||0|0|0|50|27,36|1,65|||0,45|50|27,36|7,6|||2,08||0|
|C170|20|PROD36937|PRATO PLAST.QUADR.STRAWPLAST 15CM PRETO|3|UN|27,36|0|0|060|1403|NAT01403|0|0|0|0|0|0||||0|0|0|50|27,36|1,65|||0,45|50|27,36|7,6|||2,08||0|
|C170|21|PROD38286|PRATO PLAST.QUADR.STRAWPLAST 15CM CRISTAL|3|UN|27,36|0|0|060|1403|NAT01403|0|0|0|0|0|0||||0|0|0|50|27,36|1,65|||0,45|50|27,36|7,6|||2,08||0|
|C170|22|PROD36938|PRATO PLAST.QUADR.STRAWPLAST 15CM AZUL|3|UN|27,36|0|0|060|1403|NAT01403|0|0|0|0|0|0||||0|0|0|50|27,36|1,65|||0,45|50|27,36|7,6|||2,08||0|
|C170|23|PROD6545|COLHER PLAST.DES.REFEICAO PRAFESTA 50UN.TRANSP.|20|UN|76,99|0|0|060|1403|NAT01403|0|0|0|0|0|0||||0|0|0|50|76,99|1,65|||1,27|50|76,99|7,6|||5,85||0|
|C190|060|1403|0|481,2|0|0|0|0|0|0||
|C190|102|1403|0|1029,18|0|0|0|0|0|0||
|C100|0|1|FORN536|55|00|001|8244|50250752238099000168550010000082441001645342|17072025|25072025|723,24|1|0|0|723,24|9|0|0|0|0|0|0|0|0|9,56|44|0|0|
|C170|1|PROD40660|POTE PLAST.PP RIOPLASTIC 140ML C/25UN.C/TAMPA|5|UN|47,45|0|0|102|1403|NAT01403|0|0|0|0|0|0||||0|0|0|50|47,45|1,65|||0,78|50|47,45|7,6|||3,61||0|
|C170|2|PROD42253|LUVA DESC.NITRILICA VABENE PRETA GG C/100UN.|3|UN|108,27|0|0|060|1403|NAT01403|0|0|0|0|0|0||||0|0|0|50|108,27|1,65|||1,79|50|108,27|7,6|||8,23||0|
|C170|3|PROD914|SACO LIXO PLASCOLIXO 15L 20UN.|25|UN|78,57|0|0|060|1403|NAT01403|0|0|0|0|0|0||||0|0|0|50|78,57|1,65|||1,3|50|78,57|7,6|||5,97||0|
|C170|4|PROD912|SACO LIXO PLASCOLIXO 50L 10UN.|25|UN|78,57|0|0|060|1403|NAT01403|0|0|0|0|0|0||||0|0|0|50|78,57|1,65|||1,3|50|78,57|7,6|||5,97||0|
|C170|5|PROD35744|COPO DESCARTAVEL FONPLAST 180ML TRANSP.|25|UN|97,85|0|0|060|1403|NAT01403|0|0|0|0|0|0||||0|0|0|50|97,85|1,65|||1,61|50|97,85|7,6|||7,44||0|
|C170|6|PROD36318|MARMITEX ISOPOR 750ML C/50UN.|4|UN|77,88|0|0|102|1403|NAT01403|0|0|0|0|0|0||||0|0|0|50|77,88|1,65|||1,29|50|77,88|7,6|||5,92||0|
|C170|7|PROD36923|BAND.ISOPOR BH 101 C/10UN.|20|UN|90,25|0|0|102|1403|NAT01403|0|0|0|0|0|0||||0|0|0|50|90,25|1,65|||1,49|50|90,25|7,6|||6,86||0|
|C170|8|PROD18176|EMBAL.CONF.G 50 M GALVANOTEK BR.C/5UN.|20|UN|144,4|0|0|102|1403|NAT01403|0|0|0|0|0|0||||0|0|0|73|0|0|||0|73|0|0|||0||0|
|C190|060|1403|0|363,26|0|0|0|0|0|0||
|C190|102|1403|0|359,98|0|0|0|0|0|0||
|C100|0|1|FORN536|55|00|001|8326|50250752238099000168550010000083261001813188|23072025|24072025|828,75|1|0|0|828,75|9|0|0|0|0|0|0|0|0|10,88|50,05|0|0|
|C170|1|PROD38135|POTE PLAST.DESC.COPOZAN 100ML C/100UN.|20|UN|88,82|0|0|102|1403|NAT01403|0|0|0|0|0|0||||0|0|0|50|88,82|1,65|||1,47|50|88,82|7,6|||6,75||0|
|C170|2|PROD13404|VELA ANIVERSARIO JUNCO/REGINA|6|UN|18,24|0|0|102|1403|NAT01403|0|0|0|0|0|0||||0|0|0|73|0|0|||0|73|0|0|||0||0|
|C170|3|PROD40113|COLHER STRAWPLAST REFORCADA ROXA C/50UN|6|UN|55,56|0|0|060|1403|NAT01403|0|0|0|0|0|0||||0|0|0|50|55,56|1,65|||0,92|50|55,56|7,6|||4,22||0|
|C170|4|PROD18850|PRATO LAMINADO RETANGULAR N5|10|UN|16,25|0|0|060|1403|NAT01403|0|0|0|0|0|0||||0|0|0|73|0|0|||0|73|0|0|||0||0|
|C170|5|PROD18849|PRATO LAMINADO RETANGULAR N6|10|UN|22,79|0|0|060|1403|NAT01403|0|0|0|0|0|0||||0|0|0|73|0|0|||0|73|0|0|||0||0|
|C170|6|PROD40659|LUVA DESC.NITRILICA VABENE PRETA M C/100UN.|3|UN|108,27|0|0|060|1403|NAT01403|0|0|0|0|0|0||||0|0|0|50|108,27|1,65|||1,79|50|108,27|7,6|||8,23||0|
|C170|7|PROD36992|FAROFA PACOCA RIO GLAM 1,01KG|3|UN|51,27|0|0|060|1403|NAT01403|0|0|0|0|0|0||||0|0|0|73|0|0|||0|73|0|0|||0||0|
|C170|8|PROD40275|SACO LIXO 100L PRETO 75X105CM MIC.13 1KG|5|UN|61,7|0|0|060|1403|NAT01403|0|0|0|0|0|0||||0|0|0|73|0|0|||0|73|0|0|||0||0|
|C170|9|PROD36923|BAND.ISOPOR BH 101 C/10UN.|20|UN|90,25|0|0|102|1403|NAT01403|0|0|0|0|0|0||||0|0|0|50|90,25|1,65|||1,49|50|90,25|7,6|||6,86||0|
|C170|10|PROD35744|COPO DESCARTAVEL FONPLAST 180ML TRANSP.|25|UN|94,99|0|0|102|1403|NAT01403|0|0|0|0|0|0||||0|0|0|50|94,99|1,65|||1,57|50|94,99|7,6|||7,22||0|
|C170|11|PROD910|SACO LIXO PLASCOLIXO 200L 5UN.|25|UN|142,04|0|0|102|1403|NAT01403|0|0|0|0|0|0||||0|0|0|50|142,04|1,65|||2,34|50|142,04|7,6|||10,8||0|
|C170|12|PROD913|SACO LIXO PLASCOLIXO 30L 10UN.|25|UN|78,57|0|0|060|1403|NAT01403|0|0|0|0|0|0||||0|0|0|50|78,57|1,65|||1,3|50|78,57|7,6|||5,97||0|
|C190|060|1403|0|394,41|0|0|0|0|0|0||
|C190|102|1403|0|434,34|0|0|0|0|0|0||
|C100|0|1|FORN536|55|00|001|8431|50250752238099000168550010000084311001056323|31072025|31072025|1684,86|1|0|0|1684,86|9|0|0|0|0|0|0|0|0|15,77|72,64|0|0|
|C170|1|PROD40745|GUARDANAPO PANTANAL 14X14CM C/1600UN.|3|UN|41,31|0|0|060|1403|NAT01403|0|0|0|0|0|0||||0|0|0|73|0|0|||0|73|0|0|||0||0|
|C170|2|PROD40944|TOALHA PAPEL INTERF.QUALITY SIMPLES 20X20CM C/1000 UN.|5|UN|66,45|0|0|060|1403|NAT01403|0|0|0|0|0|0||||0|0|0|73|0|0|||0|73|0|0|||0||0|
|C170|3|PROD36960|TOALHA PAPEL INTERF.PADRAO 20X20CM C/1000 EX.LUXO|5|UN|83,15|0|0|060|1403|NAT01403|0|0|0|0|0|0||||0|0|0|73|0|0|||0|73|0|0|||0||0|
|C170|4|PROD45121|COPO DESCARTAVEL FONPLAST 300ML C/100UN.TRANSP.|20|UN|149,16|0|0|041|1403|NAT01403|0|0|0|0|0|0||||0|0|0|50|149,16|1,65|||2,46|50|149,16|7,6|||11,34||0|
|C170|5|PROD40186|TAMPA P/POTE TERM.RED.FIBRAFOR 500ML C/10UN.|20|UN|42,8|0|0|102|1403|NAT01403|0|0|0|0|0|0||||0|0|0|50|42,8|1,65|||0,71|50|42,8|7,6|||3,25||0|
|C170|6|PROD18241|SACO PAPEL KRAFT 1KG C/100UN.|3|KG|14,82|0|0|102|1403|NAT01403|0|0|0|0|0|0||||0|0|0|73|0|0|||0|73|0|0|||0||0|
|C170|7|PROD36334|SACO PAPEL KRAFT 3KG C/100UN|4|UN|36,48|0|0|102|1403|NAT01403|0|0|0|0|0|0||||0|0|0|50|36,48|1,65|||0,6|50|36,48|7,6|||2,77||0|
|C170|8|PROD36314|BOBINA RESINITE LUSAFILM 38CMX300M|2|UN|74,08|0|0|102|1403|NAT01403|0|0|0|0|0|0||||0|0|0|50|74,08|1,65|||1,22|50|74,08|7,6|||5,63||0|
|C170|9|PROD41164|CAKE BOARD REDONDO 20CM PRATA|5|UN|9,05|0|0|060|1403|NAT01403|0|0|0|0|0|0||||0|0|0|73|0|0|||0|73|0|0|||0||0|
|C170|10|PROD43036|CAKE BOARD REDONDO 26CM PRATA|5|UN|12,6|0|0|060|1403|NAT01403|0|0|0|0|0|0||||0|0|0|73|0|0|||0|73|0|0|||0||0|
|C170|11|PROD41165|CAKE BOARD REDONDO 28CM PRATA|5|UN|15,15|0|0|060|1403|NAT01403|0|0|0|0|0|0||||0|0|0|73|0|0|||0|73|0|0|||0||0|
|C170|12|PROD42466|POTE PLAST.PP CRISTALCOPO 1000ML C/25UN C/TAMPA|2|UN|57,48|0|0|102|1403|NAT01403|0|0|0|0|0|0||||0|0|0|50|57,48|1,65|||0,95|50|57,48|7,6|||4,37||0|
|C170|13|PROD43065|POTE PLAST.PP CRISTALCOPO 500ML C/25UN C/TAMPA|2|UN|36,58|0|0|102|1403|NAT01403|0|0|0|0|0|0||||0|0|0|50|36,58|1,65|||0,6|50|36,58|7,6|||2,78||0|
|C170|14|PROD38621|POTE PLAST.RIOPLASTIC 750ML RET.C/TAMPA ART.C/24UN.|2|UN|66,48|0|0|102|1403|NAT01403|0|0|0|0|0|0||||0|0|0|50|66,48|1,65|||1,1|50|66,48|7,6|||5,05||0|
|C170|15|PROD39103|TOUCA DESCARTAVEL VABENE BRANCA C/100UN.|10|UN|90,3|0|0|102|1403|NAT01403|0|0|0|0|0|0||||0|0|0|73|0|0|||0|73|0|0|||0||0|
|C170|16|PROD35744|COPO DESCARTAVEL FONPLAST 180ML TRANSP.|25|UN|94,99|0|0|102|1403|NAT01403|0|0|0|0|0|0||||0|0|0|50|94,99|1,65|||1,57|50|94,99|7,6|||7,22||0|
|C170|17|PROD36259|EMBALAGEM CONF.G 695 C/700 UN.|2|CX|285,02|0|0|102|1403|NAT01403|0|0|0|0|0|0||||0|0|0|73|0|0|||0|73|0|0|||0||0|
|C170|18|PROD36923|BAND.ISOPOR BH 101 C/10UN.|20|UN|90,25|0|0|102|1403|NAT01403|0|0|0|0|0|0||||0|0|0|50|90,25|1,65|||1,49|50|90,25|7,6|||6,86||0|
|C170|19|PROD36317|MARMITEX ISOPOR 1100ML C/50UN.|4|UN|88,34|0|0|102|1403|NAT01403|0|0|0|0|0|0||||0|0|0|50|88,34|1,65|||1,46|50|88,34|7,6|||6,71||0|
|C170|20|PROD36318|MARMITEX ISOPOR 750ML C/50UN.|2|UN|38,94|0|0|102|1403|NAT01403|0|0|0|0|0|0||||0|0|0|50|38,94|1,65|||0,64|50|38,94|7,6|||2,96||0|
|C170|21|PROD25609|SACO LIXO 200L PRETO 95X115CM 10MIC.C/10UN.|10|UN|111,15|0|0|102|1403|NAT01403|0|0|0|0|0|0||||0|0|0|73|0|0|||0|73|0|0|||0||0|
|C170|22|PROD18188|SACO LIXO 100L PRETO 75X105CM 8MIC.C/25UN.|4|UN|61,75|0|0|060|1403|NAT01403|0|0|0|0|0|0||||0|0|0|50|61,75|1,65|||1,02|50|61,75|7,6|||4,69||0|
|C170|23|PROD40233|LUVA DESC.LATEX MBLIFE M C/100UN.|2|UN|60,78|0|0|060|1403|NAT01403|0|0|0|0|0|0||||0|0|0|50|60,78|1,65|||1|50|60,78|7,6|||4,62||0|
|C170|24|PROD40185|POTE TERM.RED.FIBRAFOR 500ML C/10UN.S/TAMPA|15|UN|57,75|0|0|102|1403|NAT01403|0|0|0|0|0|0||||0|0|0|50|57,75|1,65|||0,95|50|57,75|7,6|||4,39||0|
|C190|041|1403|0|149,16|0|0|0|0|0|0||
|C190|060|1403|0|350,24|0|0|0|0|0|0||
|C190|102|1403|0|1185,46|0|0|0|0|0|0||
|C100|0|1|FORN479|55|00|001|8498|50250740822908000103550010000084981000064182|07072025|07072025|1661|1|0|0|1661|9|0|0|0|0|0|0|0|0|0|0|0|0|
|C170|1|PROD25777|ERVA MATE VARGEAO 500G BOLDO MENTA|60|UN|387|0|0|060|1403|NAT01403|0|0|0|0|0|0||||0|0|0|73|0|0|||0|73|0|0|||0||0|
|C170|2|PROD25234|ERVA MATE VARGEAO 500G TERERE|120|UN|756|0|0|060|1403|NAT01403|0|0|0|0|0|0||||0|0|0|73|0|0|||0|73|0|0|||0||0|
|C170|3|PROD25778|ERVA CHIMARRAO 2001 1KG|10|UN|168|0|0|060|1403|NAT01403|0|0|0|0|0|0||||0|0|0|73|0|0|||0|73|0|0|||0||0|
|C170|4|PROD25779|ERVA CHIMARRAO VARGEAO 1KG|5|UN|93,5|0|0|060|1403|NAT01403|0|0|0|0|0|0||||0|0|0|73|0|0|||0|73|0|0|||0||0|
|C170|5|PROD31092|ERVA MATE VARGEAO NATIVA 1KG|15|UN|256,5|0|0|060|1403|NAT01403|0|0|0|0|0|0||||0|0|0|73|0|0|||0|73|0|0|||0||0|
|C190|060|1403|0|1661|0|0|0|0|0|0||
|C100|0|1|FORN502|55|00|001|9408|50250746116114000100550010000094081766532224|29072025|30072025|1800|1|0|0|1800|9|0|0|0|741,24|126,01|0|0|0|0|0|0|0|
|C170|1|PROD19275|TOMATE SALADETE KG|330|KG|1800|0|0|020|1102|NAT01102|741,24|17|126,01|0|0|0||||0|0|0|73|0|0|||0|73|0|0|||0||0|
|C190|020|1102|17|1800|741,24|126,01|0|0|1058,76|0||
|C100|0|1|FORN518|55|00|001|10644|50250751073495000110550010000106441927982055|04072025|04072025|325|1|0|0|325|9|0|0|0|133,83|22,75|0|0|0|0|0|0|0|
|C170|1|PROD19262|ABOBORA CABOTIA KG|100|KG|235|0|0|020|1102|NAT01102|96,77|17|16,45|0|0|0||||0|0|0|73|0|0|||0|73|0|0|||0||0|
|C170|2|PROD19261|ABOBORA PAULISTA KG|40|KG|90|0|0|020|1102|NAT01102|37,06|17|6,3|0|0|0||||0|0|0|73|0|0|||0|73|0|0|||0||0|
|C190|020|1102|17|325|133,83|22,75|0|0|191,17|0||
|C100|0|1|FORN518|55|00|001|10788|50250751073495000110550010000107881524234794|11072025|15072025|300|1|0|0|300|9|0|0|0|123,53|21|0|0|0|0|0|0|0|
|C170|1|PROD19262|ABOBORA CABOTIA KG|80|KG|180|0|0|020|1102|NAT01102|74,12|17|12,6|0|0|0||||0|0|0|73|0|0|||0|73|0|0|||0||0|
|C170|2|PROD19261|ABOBORA PAULISTA KG|40|KG|120|0|0|020|1102|NAT01102|49,41|17|8,4|0|0|0||||0|0|0|73|0|0|||0|73|0|0|||0||0|
|C190|020|1102|17|300|123,53|21|0|0|176,47|0||
|C100|0|1|FORN518|55|00|001|11044|50250751073495000110550010000110441942667817|25072025|25072025|290|1|0|0|290|9|0|0|0|119,41|20,3|0|0|0|0|0|0|0|
|C170|1|PROD19262|ABOBORA CABOTIA KG|80|KG|180|0|0|020|1102|NAT01102|74,12|17|12,6|0|0|0||||0|0|0|73|0|0|||0|73|0|0|||0||0|
|C170|2|PROD19261|ABOBORA PAULISTA KG|40|KG|110|0|0|020|1102|NAT01102|45,29|17|7,7|0|0|0||||0|0|0|73|0|0|||0|73|0|0|||0||0|
|C190|020|1102|17|290|119,41|20,3|0|0|170,59|0||
|C100|0|1|FORN121|55|00|001|13231|50250707499808000104550010000132311000833457|30072025|30072025|524,58|1|0|0|524,58|9|0|0|0|0|0|0|0|0|0|0|0|0|
|C170|1|PROD31371|COQUETEL VIM DO VALE 4L|10|UN|202,5|0|0|060|1403|NAT01403|0|0|0|0|0|0||||0|0|0|73|0|0|||0|73|0|0|||0||0|
|C170|2|PROD31469|COQUETEL VIM DO VALE 1,5L|12|UN|102|0|0|060|1403|NAT01403|0|0|0|0|0|0||||0|0|0|73|0|0|||0|73|0|0|||0||0|
|C170|3|PROD31473|VINHO BORSO DI GRAPPA 720ML SUAVE BORDO|6|UN|110,04|0|0|060|1403|NAT01403|0|0|0|0|0|0||||0|0|0|73|0|0|||0|73|0|0|||0||0|
|C170|4|PROD31474|VINHO BORSO DI GRAPPA 720ML SECO BORDO|6|UN|110,04|0|0|060|1403|NAT01403|0|0|0|0|0|0||||0|0|0|73|0|0|||0|73|0|0|||0||0|
|C190|060|1403|0|524,58|0|0|0|0|0|0||
|C100|0|1|FORN402|55|00|001|14527|50250719119540000117550010000145271966329563|05072025|09072025|231|1|0|0|231|9|0|0|0|231|39,27|0|0|0|3,81|17,56|0|0|
|C170|1|PROD34170|GAS/FILTROS/OUTROS 17|8|UN|231|0|1|000|1102|NAT01102|231|17|39,27|0|0|0||||0|0|0|50|231|1,65|||3,81|50|231|7,6|||17,56||0|
|C190|000|1102|17|231|231|39,27|0|0|0|0||
|C100|0|1|FORN437|55|00|001|16484|50250734287040000188550010000164841787851535|12072025|15072025|1306,5|1|0|0|1306,5|9|0|0|0|1306,5|222,11|0|0|0|0|0|0|0|
|C170|1|PROD33586|CARVAO REAL 2,5KG|30|UN|384|0|0|000|1102|NAT01102|384|17|65,28|0|0|0||||0|0|0|73|0|0|||0|73|0|0|||0||0|
|C170|2|PROD33585|CARVAO REAL 5KG|30|UN|720|0|0|000|1102|NAT01102|720|17|122,4|0|0|0||||0|0|0|73|0|0|||0|73|0|0|||0||0|
|C170|3|PROD34694|CARVAO REAL 7KG PREMIUM|6|UN|202,5|0|0|000|1102|NAT01102|202,5|17|34,43|0|0|0||||0|0|0|73|0|0|||0|73|0|0|||0||0|
|C190|000|1102|17|1306,5|1306,5|222,11|0|0|0|0||
|C100|0|1|FORN537|55|00|001|16542|50250713893956000101550010000165421011334355|10072025|11072025|1135,3|1|0|0|1135,3|9|0|0|0|0|0|0|0|0|2,4|11,02|0|0|
|C170|1|PROD38678|RAPADURA ENGENHO GOIAS 1,1KG TRADICIONAL|10|UN|145|0|0|090|1102|NAT01102|0|0|0|0|0|0||||0|0|0|73|0|0|||0|73|0|0|||0||0|
|C170|2|PROD3033|RAPADURA PE MOLEQUE NOVA FLORA 500G|6|UN|81|0|0|090|1102|NAT01102|0|0|0|0|0|0||||0|0|0|73|0|0|||0|73|0|0|||0||0|
|C170|3|PROD43038|RAPADURA CASTILHO 400G PURA|10|UN|70|0|0|090|1102|NAT01102|0|0|0|0|0|0||||0|0|0|73|0|0|||0|73|0|0|||0||0|
|C170|4|PROD42903|RAPADURA CASTILHO 400G COM MAMAO|10|UN|70|0|0|090|1102|NAT01102|0|0|0|0|0|0||||0|0|0|73|0|0|||0|73|0|0|||0||0|
|C170|5|PROD44337|COCADA ITAPIRA 220G CARAMELO|12|UN|98,4|0|0|060|1403|NAT01403|0|0|0|0|0|0||||0|0|0|73|0|0|||0|73|0|0|||0||0|
|C170|6|PROD44341|COCADA ITAPIRA 220G MARACUJA|12|UN|98,4|0|0|060|1403|NAT01403|0|0|0|0|0|0||||0|0|0|73|0|0|||0|73|0|0|||0||0|
|C170|7|PROD43601|BOLACHA CASEIRA DELICIA 300G COCO|10|UN|72,5|0|0|060|1403|NAT01403|0|0|0|0|0|0||||0|0|0|50|72,5|1,65|||1,2|50|72,5|7,6|||5,51||0|
|C170|8|PROD43600|BOLACHA CASEIRA DELICIA 300G L.CONDENSADO|10|UN|72,5|0|0|060|1403|NAT01403|0|0|0|0|0|0||||0|0|0|50|72,5|1,65|||1,2|50|72,5|7,6|||5,51||0|
|C170|9|PROD42804|GELEIA MOCOTO BARRA SABOR DO CAMPO 300G|15|UN|187,5|0|0|090|1102|NAT01102|0|0|0|0|0|0||||0|0|0|73|0|0|||0|73|0|0|||0||0|
|C170|10|PROD42806|RAPADURA LEITE SABOR DO CAMPO 400G|15|UN|180|0|0|060|1403|NAT01403|0|0|0|0|0|0||||0|0|0|73|0|0|||0|73|0|0|||0||0|
|C170|11|PROD42807|RAPADURA LEITE SABOR DO CAMPO 400G COCO|5|UN|60|0|0|060|1403|NAT01403|0|0|0|0|0|0||||0|0|0|73|0|0|||0|73|0|0|||0||0|
|C190|060|1403|0|581,8|0|0|0|0|0|0||
|C190|090|1102|0|553,5|0|0|0|0|0|0||
|C100|0|1|FORN437|55|00|001|16677|50250734287040000188550010000166771835624773|26072025|28072025|1166,25|1|0|0|1166,25|9|0|0|0|1166,25|198,27|0|0|0|0|0|0|0|
|C170|1|PROD33586|CARVAO REAL 2,5KG|25|UN|320|0|0|000|1102|NAT01102|320|17|54,4|0|0|0||||0|0|0|73|0|0|||0|73|0|0|||0||0|
|C170|2|PROD33585|CARVAO REAL 5KG|20|UN|480|0|0|000|1102|NAT01102|480|17|81,6|0|0|0||||0|0|0|73|0|0|||0|73|0|0|||0||0|
|C170|3|PROD34694|CARVAO REAL 7KG PREMIUM|5|UN|168,75|0|0|000|1102|NAT01102|168,75|17|28,69|0|0|0||||0|0|0|73|0|0|||0|73|0|0|||0||0|
|C170|4|PROD45724|CARVAO REAL 10KG GRILL|5|UN|197,5|0|0|000|1102|NAT01102|197,5|17|33,58|0|0|0||||0|0|0|73|0|0|||0|73|0|0|||0||0|
|C190|000|1102|17|1166,25|1166,25|198,27|0|0|0|0||
|C100|0|1|FORN534|55|00|001|17812|50250751747543000108550010000178121880507480|01072025|01072025|2250|1|0|0|2250|9|0|0|0|926,46|157,5|0|0|0|0|0|0|0|
|C170|1|PROD19274|TOMATE LONGA VIDA KG|330|KG|2250|0|0|020|1102|NAT01102|926,46|17|157,5|0|0|0||||0|0|0|73|0|0|||0|73|0|0|||0||0|
|C190|020|1102|17|2250|926,46|157,5|0|0|1323,54|0||
|C100|0|1|FORN534|55|00|001|18458|50250751747543000108550010000184581122266571|22072025|22072025|1200|1|0|0|1200|9|0|0|0|494,11|84|0|0|0|0|0|0|0|
|C170|1|PROD19275|TOMATE SALADETE KG|330|KG|1200|0|0|020|1102|NAT01102|494,11|17|84|0|0|0||||0|0|0|73|0|0|||0|73|0|0|||0||0|
|C190|020|1102|17|1200|494,11|84|0|0|705,89|0||
|C100|0|1|FORN472|55|00|001|19462|50250722780335000102550010000194621000190210|23072025|24072025|1918|1|0|0|1918|9|0|0|0|789,75|134,26|0|0|0|0|0|0|0|
